-0.732059 , 0.254218 , 0 
0.382039 , -0.522670 , 0 
0.689128 , -0.081466 , 0 
-0.597445 , 0.308412 , 1 
0.804852 , 0.381434 , 1 
-0.268572 , 0.954342 , 1 
-0.149977 , -0.774263 , 1 
-0.217544 , 0.713759 , 0 
-0.720045 , -0.233815 , 1 
-0.358564 , -0.776231 , 0 
-0.204335 , 0.180314 , 0 
-0.872019 , 0.156012 , 0 
0.493848 , 0.602864 , 0 
0.853718 , 0.499024 , 1 
0.506611 , -0.566621 , 1 
-0.099224 , -0.287777 , 1 
-0.020533 , -0.156171 , 1 
0.472758 , 0.592056 , 0 
0.783008 , -0.008883 , 1 
-0.469657 , -0.848497 , 0 
0.336836 , 0.536824 , 0 
0.188179 , -0.308908 , 1 
-0.408713 , 0.810500 , 0 
-0.263029 , 0.210890 , 0 
-0.560107 , 0.765337 , 1 
-0.853248 , 0.317201 , 0 
-0.525492 , 0.424355 , 1 
0.011766 , 0.251618 , 0 
0.152916 , -0.220707 , 1 
0.778441 , -0.327898 , 1 
0.439440 , -0.894225 , 0 
0.456066 , 0.666930 , 0 
0.839410 , -0.282664 , 1 
-0.748633 , -0.583020 , 0 
0.578949 , -0.254502 , 0 
-0.310103 , -0.751952 , 1 
-0.743003 , -0.009591 , 1 
0.102719 , 0.615236 , 0 
-0.102951 , 0.468186 , 1 
0.765858 , -0.110159 , 1 
-0.333644 , -0.839271 , 0 
0.788822 , 0.071619 , 1 
-0.592025 , -0.507772 , 1 
-0.133614 , -0.028285 , 1 
0.384177 , -0.675324 , 1 
0.065865 , -0.636821 , 1 
0.402897 , -0.024620 , 1 
-0.806350 , -0.055128 , 0 
-0.652278 , 0.544814 , 0 
0.985513 , -0.084302 , 1 
0.564156 , 0.488258 , 0 
-0.268641 , 0.042163 , 0 
0.037360 , -0.800945 , 1 
-0.411021 , -0.323700 , 0 
0.258190 , 0.605545 , 0 
0.153444 , 0.680390 , 0 
0.135726 , 0.278823 , 0 
0.688203 , 0.067701 , 0 
-0.660757 , -0.440397 , 1 
-0.348167 , 0.186634 , 0 
-0.374260 , -0.622035 , 1 
-0.031315 , 0.667523 , 0 
-0.140159 , 0.471644 , 1 
0.154942 , -0.371461 , 1 
0.625261 , 0.122217 , 0 
-0.550492 , 0.171337 , 1 
-0.076184 , -0.828855 , 1 
0.606519 , 0.172538 , 0 
-0.852590 , -0.030571 , 0 
0.239318 , -0.296408 , 1 
-0.615766 , -0.292296 , 1 
0.136838 , -0.938722 , 0 
-0.902294 , 0.217424 , 0 
0.710147 , -0.371714 , 1 
0.162694 , -0.408458 , 0 
0.767047 , -0.547933 , 1 
-0.727094 , 0.588618 , 0 
-0.657078 , -0.313262 , 1 
-0.250060 , 0.616808 , 0 
0.557348 , -0.542116 , 1 
-0.634102 , 0.230113 , 1 
-0.027083 , -0.655044 , 1 
-0.477869 , 0.403329 , 1 
-0.224332 , 0.351872 , 0 
0.450519 , -0.250617 , 0 
0.191927 , -0.620858 , 1 
0.613156 , 0.431914 , 0 
0.667810 , 0.448012 , 1 
-0.919622 , -0.099791 , 0 
0.728418 , -0.667859 , 0 
-0.356626 , -0.622059 , 1 
-0.007312 , 0.559517 , 1 
-0.161369 , -0.692709 , 1 
0.655324 , -0.400135 , 1 
0.276649 , 0.508516 , 1 
-0.624733 , 0.735025 , 1 
-0.341739 , 0.478479 , 1 
0.769360 , -0.280631 , 1 
0.260576 , 0.702371 , 0 
0.582880 , -0.444125 , 1 
0.312692 , 0.247373 , 1 
-0.280406 , 0.913205 , 1 
0.431910 , 0.312787 , 1 
0.422265 , -0.255456 , 0 
-0.550395 , -0.825188 , 0 
-0.151384 , -0.184106 , 1 
0.575604 , -0.496067 , 1 
0.700466 , 0.425301 , 1 
0.366685 , 0.144002 , 1 
0.403968 , -0.612823 , 1 
0.571749 , 0.765786 , 1 
0.010438 , 0.855585 , 0 
0.824696 , 0.126359 , 1 
0.692182 , -0.088275 , 0 
-0.382332 , -0.416660 , 0 
0.614899 , -0.672633 , 1 
-0.440915 , 0.416879 , 1 
0.653882 , 0.129886 , 0 
0.049895 , 0.157069 , 0 
-0.012376 , 0.419859 , 1 
-0.068441 , 0.557900 , 1 
-0.053712 , -0.408056 , 0 
-0.134222 , 0.035335 , 1 
-0.026460 , -0.611555 , 0 
0.223876 , 0.713901 , 0 
-0.220264 , 0.812031 , 0 
-0.657900 , -0.201404 , 1 
0.570580 , -0.776456 , 0 
0.506991 , 0.393285 , 0 
0.726396 , 0.084150 , 0 
-0.919074 , 0.215782 , 0 
0.420260 , 0.526022 , 0 
-0.507207 , 0.133950 , 1 
-0.905252 , -0.209884 , 0 
0.138060 , 0.795076 , 0 
-0.663829 , -0.506400 , 0 
-0.000755 , 0.945868 , 1 
-0.514512 , 0.437858 , 1 
-0.409153 , 0.313678 , 1 
-0.678485 , 0.686991 , 1 
0.324060 , 0.373117 , 1 
-0.482918 , 0.101056 , 1 
-0.051951 , 0.038450 , 1 
-0.816203 , -0.350885 , 0 
0.472294 , 0.660096 , 0 
-0.763171 , 0.044625 , 0 
0.390010 , -0.503738 , 0 
0.499921 , -0.068540 , 0 
-0.753344 , -0.611973 , 0 
0.197241 , -0.791071 , 1 
0.965740 , -0.157100 , 1 
-0.522933 , -0.799674 , 0 
-0.780746 , -0.346326 , 0 
-0.108421 , -0.184105 , 1 
-0.489939 , 0.766040 , 0 
0.344245 , 0.236527 , 1 
0.231084 , 0.797279 , 0 
0.212947 , -0.570263 , 0 
0.547695 , 0.470069 , 0 
-0.509569 , 0.436372 , 1 
-0.478147 , -0.637344 , 1 
0.192108 , -0.871328 , 1 
-0.826344 , 0.283938 , 0 
-0.642369 , 0.095622 , 1 
-0.322683 , -0.005238 , 0 
0.519574 , 0.068319 , 0 
-0.506784 , -0.148546 , 1 
-0.021012 , -0.652109 , 1 
0.504016 , -0.501625 , 1 
0.456678 , -0.556615 , 1 
-0.374215 , 0.558880 , 0 
0.954551 , 0.230646 , 1 
-0.317946 , -0.004393 , 0 
-0.355725 , -0.143075 , 0 
0.042463 , -0.321538 , 1 
-0.560614 , -0.395460 , 1 
0.445609 , -0.100442 , 1 
-0.899978 , 0.037100 , 0 
0.243466 , 0.862506 , 1 
0.527675 , 0.670615 , 1 
0.358162 , -0.589697 , 1 
-0.089335 , -0.618902 , 1 
0.168793 , 0.715004 , 0 
-0.040341 , -0.197801 , 1 
0.184327 , 0.870730 , 1 
-0.186049 , 0.896641 , 1 
-0.405856 , -0.151110 , 0 
0.338179 , 0.423471 , 1 
0.139041 , -0.678243 , 1 
0.233103 , -0.727925 , 1 
-0.922627 , -0.152464 , 0 
0.454954 , -0.837231 , 0 
0.060330 , -0.571695 , 0 
0.450905 , -0.660171 , 1 
0.344689 , 0.430440 , 1 
0.439385 , -0.003137 , 1 
-0.418826 , -0.851157 , 0 
-0.314525 , 0.153114 , 0 
-0.745947 , 0.445661 , 0 
0.299429 , -0.152667 , 1 
-0.806319 , 0.384367 , 0 
-0.310685 , -0.931986 , 0 
-0.552756 , -0.663207 , 0 
0.183622 , -0.826297 , 1 
-0.750073 , -0.354023 , 0 
0.937003 , -0.216448 , 1 
-0.385090 , -0.428554 , 1 
0.494554 , 0.230189 , 0 
0.409987 , -0.582831 , 1 
-0.798550 , -0.415148 , 0 
-0.498756 , -0.637395 , 1 
-0.522811 , 0.747446 , 0 
-0.495954 , 0.542292 , 0 
0.319229 , -0.601781 , 1 
0.440396 , -0.123384 , 1 
-0.466589 , 0.763604 , 0 
0.620918 , -0.157728 , 0 
0.344879 , 0.633993 , 0 
0.978457 , -0.087262 , 1 
-0.427715 , -0.174199 , 0 
0.354558 , 0.604568 , 0 
-0.628519 , 0.466763 , 0 
0.015748 , -0.355091 , 1 
-0.272159 , 0.668295 , 0 
0.122930 , 0.242803 , 0 
-0.380617 , 0.314425 , 1 
0.341832 , -0.144535 , 1 
-0.016173 , 0.097126 , 1 
0.423447 , 0.876447 , 1 
0.589331 , -0.631807 , 1 
-0.080329 , 0.294433 , 0 
-0.242479 , 0.706376 , 0 
-0.266068 , -0.782884 , 1 
0.293184 , 0.129038 , 1 
-0.181959 , -0.270153 , 1 
0.023611 , 0.648901 , 0 
0.067121 , 0.096945 , 0 
-0.847137 , 0.221110 , 0 
0.389312 , 0.867536 , 1 
-0.657663 , 0.436484 , 0 
-0.172973 , -0.761813 , 1 
0.429063 , -0.696571 , 1 
-0.883013 , 0.216284 , 0 
-0.808513 , 0.099103 , 0 
0.859061 , 0.192515 , 1 
-0.406237 , -0.090598 , 0 
0.276746 , -0.102312 , 1 
-0.277356 , 0.096196 , 0 
-0.532417 , 0.558817 , 0 
-0.295097 , 0.677426 , 0 
-0.369798 , -0.420899 , 0 
0.125859 , 0.610226 , 0 
-0.243661 , 0.325436 , 0 
0.014975 , -0.048821 , 0 
-0.345727 , 0.926084 , 1 
0.596650 , 0.423969 , 0 
0.174064 , -0.545011 , 0 
0.707826 , -0.614145 , 1 
0.100885 , 0.709524 , 0 
0.048775 , -0.551795 , 0 
-0.383514 , -0.089323 , 0 
-0.190405 , 0.270195 , 0 
0.056243 , -0.305843 , 1 
0.726587 , -0.314139 , 1 
-0.178590 , -0.507384 , 0 
0.686397 , 0.217891 , 0 
-0.518749 , -0.138678 , 1 
-0.804545 , -0.103587 , 0 
0.729963 , -0.003290 , 0 
0.535839 , -0.525047 , 1 
-0.255990 , 0.708513 , 0 
-0.153293 , -0.449560 , 0 
-0.153032 , 0.768788 , 0 
0.262863 , 0.053712 , 1 
-0.235643 , -0.510680 , 0 
-0.195295 , -0.183342 , 1 
-0.123252 , 0.246410 , 0 
-0.500393 , 0.519115 , 0 
-0.804172 , -0.467210 , 0 
-0.985655 , -0.140325 , 0 
-0.599326 , -0.182508 , 1 
-0.024281 , -0.628255 , 1 
-0.696656 , -0.267827 , 1 
0.207478 , 0.656201 , 0 
0.184566 , -0.498590 , 0 
-0.267628 , -0.327039 , 0 
-0.395431 , 0.124537 , 0 
-0.664657 , 0.206234 , 1 
0.151552 , -0.811839 , 1 
0.026476 , 0.904134 , 1 
0.605856 , 0.369683 , 0 
-0.526507 , -0.595427 , 1 
-0.628322 , 0.158586 , 1 
0.148448 , 0.377442 , 1 
-0.540698 , 0.542424 , 0 
0.039800 , -0.762447 , 1 
-0.578213 , 0.688412 , 0 
0.375280 , 0.536982 , 0 
0.358763 , 0.032323 , 1 
0.113317 , -0.423116 , 0 
-0.761081 , 0.131696 , 0 
0.101762 , 0.275449 , 0 
-0.164546 , -0.920809 , 0 
0.771950 , -0.376194 , 1 
-0.287592 , -0.770673 , 1 
-0.226702 , 0.719478 , 0 
-0.438068 , 0.591082 , 0 
0.833427 , 0.374675 , 1 
-0.743876 , -0.157942 , 1 
-0.067852 , -0.970656 , 0 
0.248382 , 0.478312 , 1 
-0.376610 , 0.436236 , 1 
0.372049 , 0.111671 , 1 
-0.375869 , -0.306550 , 0 
-0.801891 , -0.563984 , 0 
0.980696 , -0.167151 , 0 
0.410213 , -0.606022 , 1 
-0.052817 , -0.158032 , 1 
0.407184 , 0.267557 , 1 
-0.517549 , -0.233903 , 1 
-0.708122 , -0.073489 , 1 
0.504375 , 0.746154 , 1 
-0.169525 , 0.644123 , 0 
0.003688 , 0.339641 , 0 
-0.310144 , -0.314572 , 0 
0.134068 , -0.317339 , 1 
0.126566 , 0.740457 , 0 
-0.099588 , 0.870696 , 0 
0.396558 , 0.100469 , 1 
0.749018 , 0.248216 , 1 
0.389732 , -0.870196 , 0 
0.173260 , 0.444586 , 1 
0.623348 , 0.605772 , 1 
0.195958 , -0.205888 , 1 
-0.927185 , 0.226677 , 0 
0.264925 , -0.152339 , 1 
0.044399 , 0.189790 , 0 
0.787248 , 0.408547 , 1 
-0.344358 , -0.470331 , 1 
-0.331991 , -0.413825 , 0 
0.753240 , 0.371787 , 1 
0.516035 , 0.360189 , 0 
-0.380300 , 0.272885 , 1 
-0.610011 , -0.331450 , 1 
-0.628782 , 0.026432 , 1 
-0.029607 , 0.113511 , 1 
0.127804 , 0.035207 , 0 
-0.842104 , -0.301214 , 0 
-0.479692 , 0.157437 , 1 
-0.002171 , 0.383796 , 1 
0.677543 , 0.078907 , 0 
-0.446995 , -0.204907 , 0 
0.517902 , -0.507446 , 1 
0.171612 , -0.980203 , 0 
-0.606650 , -0.482725 , 1 
-0.197044 , -0.870112 , 0 
-0.303622 , -0.448709 , 0 
0.503292 , -0.033221 , 0 
0.502156 , 0.452650 , 0 
-0.273996 , 0.948809 , 1 
0.399025 , -0.388503 , 0 
0.829432 , -0.263378 , 1 
0.682464 , -0.529234 , 1 
0.734281 , 0.270942 , 1 
-0.901280 , 0.392986 , 1 
0.130500 , -0.067687 , 0 
-0.827780 , 0.451849 , 0 
-0.422500 , -0.194277 , 0 
0.726537 , -0.247297 , 1 
-0.717302 , -0.443187 , 0 
-0.483702 , -0.536948 , 1 
-0.323479 , -0.060850 , 0 
-0.114691 , -0.459536 , 0 
-0.237025 , -0.175800 , 1 
0.799107 , -0.385552 , 1 
0.117171 , 0.402161 , 1 
-0.669531 , 0.093524 , 1 
-0.882132 , 0.462820 , 1 
0.124975 , 0.353971 , 1 
-0.473801 , 0.178725 , 1 
0.636745 , 0.334101 , 0 
-0.315725 , 0.756288 , 0 
-0.237506 , 0.010245 , 1 
-0.697937 , 0.590255 , 0 
-0.932958 , 0.253045 , 0 
0.529455 , -0.816317 , 0 
-0.534517 , -0.208553 , 1 
0.353553 , 0.388837 , 1 
-0.881340 , -0.248330 , 0 
0.845773 , -0.289483 , 1 
-0.126898 , 0.371623 , 0 
-0.651762 , 0.526835 , 0 
-0.663965 , -0.586006 , 0 
0.828576 , 0.148210 , 1 
0.913819 , 0.200100 , 1 
0.734188 , 0.629584 , 1 
0.770197 , -0.101930 , 1 
-0.780416 , 0.090788 , 0 
0.134043 , -0.058325 , 0 
0.273848 , 0.703177 , 0 
-0.533035 , -0.578336 , 1 
-0.155929 , -0.245535 , 1 
-0.578964 , 0.445176 , 0 
0.358600 , -0.362963 , 0 
-0.213830 , 0.884484 , 1 
-0.642069 , -0.042419 , 1 
0.215555 , -0.422656 , 0 
-0.072517 , -0.717627 , 1 
-0.444290 , -0.427366 , 1 
-0.912825 , 0.093004 , 0 
-0.010948 , -0.258669 , 1 
-0.550899 , -0.078202 , 1 
-0.087082 , -0.955893 , 0 
-0.685276 , -0.529871 , 0 
0.681325 , 0.705786 , 1 
-0.294445 , 0.081826 , 0 
0.111437 , 0.675858 , 0 
0.352317 , -0.756940 , 1 
-0.776734 , -0.434542 , 0 
0.066583 , 0.722818 , 0 
0.813736 , -0.313301 , 1 
0.688800 , 0.360730 , 0 
-0.662573 , -0.481790 , 0 
0.022318 , -0.546710 , 0 
0.090031 , -0.630638 , 1 
0.023454 , -0.342058 , 1 
-0.343402 , -0.294123 , 0 
-0.342643 , 0.236687 , 0 
-0.210153 , 0.530544 , 1 
-0.321485 , -0.332874 , 0 
0.594226 , 0.690136 , 1 
0.527510 , 0.597662 , 0 
0.134752 , 0.423137 , 1 
0.201534 , -0.026344 , 0 
-0.556543 , 0.799354 , 1 
0.483247 , -0.440844 , 0 
0.527972 , -0.418993 , 0 
0.248045 , 0.813285 , 0 
-0.822014 , 0.262373 , 0 
-0.175904 , 0.870718 , 0 
-0.239007 , -0.829476 , 0 
0.255107 , 0.074736 , 0 
0.093516 , -0.322393 , 1 
0.954631 , -0.196476 , 1 
-0.019692 , 0.588367 , 1 
0.553150 , 0.633372 , 1 
-0.859528 , 0.434962 , 1 
-0.532353 , 0.801943 , 1 
0.716468 , 0.133197 , 0 
0.092746 , -0.493822 , 0 
0.112208 , 0.868663 , 1 
-0.259577 , 0.705151 , 0 
0.416761 , -0.522364 , 0 
-0.748780 , 0.476070 , 0 
0.143318 , 0.532147 , 1 
-0.228411 , -0.650057 , 1 
-0.799852 , 0.587302 , 1 
0.564877 , -0.644202 , 1 
-0.357966 , -0.281346 , 0 
0.398992 , 0.090686 , 1 
0.716536 , 0.668116 , 1 
0.336294 , 0.580598 , 0 
0.297761 , -0.795378 , 1 
-0.041664 , 0.235005 , 0 
-0.610279 , -0.277994 , 1 
0.846188 , -0.223725 , 1 
0.700349 , -0.558747 , 1 
-0.580607 , 0.046798 , 1 
0.362935 , -0.333327 , 0 
-0.609791 , -0.761991 , 0 
0.930025 , 0.013269 , 1 
0.301883 , -0.495983 , 0 
-0.231455 , -0.083214 , 1 
0.161972 , 0.981404 , 1 
0.542146 , -0.789268 , 0 
-0.214172 , -0.371978 , 0 
0.779620 , -0.132838 , 1 
0.339200 , -0.180694 , 1 
0.504548 , 0.139461 , 0 
-0.098646 , 0.815727 , 0 
-0.142732 , -0.579302 , 0 
-0.967441 , -0.140752 , 0 
-0.258407 , -0.649719 , 1 
-0.273494 , -0.186798 , 0 
-0.169779 , 0.799137 , 0 
0.090017 , 0.970642 , 1 
-0.895679 , 0.215689 , 0 
0.469986 , -0.602470 , 1 
-0.964722 , 0.182694 , 0 
0.157686 , 0.085316 , 0 
0.405529 , -0.735349 , 1 
-0.538099 , -0.724879 , 0 
-0.727402 , 0.153713 , 0 
-0.347235 , -0.673529 , 1 
0.290281 , 0.420627 , 1 
0.521221 , 0.077382 , 0 
0.466176 , 0.837742 , 1 
-0.602765 , 0.539124 , 0 
0.487633 , -0.063883 , 0 
-0.378120 , 0.262408 , 1 
-0.578811 , -0.689767 , 0 
0.391066 , 0.002307 , 1 
-0.503855 , 0.346444 , 1 
0.310783 , 0.046105 , 1 
0.161353 , -0.863071 , 1 
-0.687204 , 0.014135 , 1 
0.656708 , -0.051274 , 0 
-0.023785 , 0.608741 , 1 
0.876636 , -0.376859 , 1 
-0.309596 , -0.354589 , 0 
-0.078120 , 0.713125 , 0 
-0.886810 , -0.421227 , 0 
0.362532 , 0.716002 , 0 
0.208811 , -0.570361 , 0 
0.123146 , 0.355749 , 1 
0.930771 , 0.362178 , 1 
-0.177298 , -0.352610 , 0 
-0.731574 , -0.208308 , 1 
-0.375972 , -0.508993 , 1 
0.370556 , 0.492176 , 0 
0.819481 , -0.104070 , 1 
-0.615666 , 0.737619 , 1 
0.196537 , 0.552050 , 1 
0.737959 , 0.311435 , 1 
-0.109597 , 0.633997 , 0 
-0.424110 , 0.061460 , 0 
0.831431 , -0.229019 , 1 
-0.248278 , -0.360477 , 0 
0.257737 , 0.077749 , 0 
-0.933238 , -0.217646 , 0 
-0.049165 , -0.971373 , 0 
-0.256464 , -0.871587 , 0 
-0.488316 , -0.239688 , 1 
-0.223067 , 0.002390 , 1 
0.109235 , 0.657994 , 0 
0.936731 , -0.068549 , 1 
-0.554451 , -0.055406 , 1 
0.019388 , -0.219853 , 1 
0.148437 , 0.757763 , 0 
0.023340 , -0.257105 , 1 
0.141410 , -0.873191 , 1 
0.378851 , 0.622884 , 0 
0.798297 , 0.392165 , 1 
-0.207785 , 0.559232 , 1 
0.328338 , 0.373628 , 1 
0.451833 , 0.138808 , 1 
-0.010309 , -0.403829 , 0 
0.440633 , -0.767985 , 1 
0.357905 , 0.042406 , 1 
-0.192426 , 0.194410 , 0 
-0.169425 , 0.600522 , 1 
0.571184 , -0.581649 , 1 
0.100943 , -0.608063 , 0 
0.590444 , -0.221439 , 0 
0.058519 , 0.692933 , 0 
0.358198 , -0.778052 , 1 
0.488938 , 0.295516 , 0 
-0.480425 , 0.076114 , 0 
-0.385356 , -0.558587 , 1 
-0.114989 , -0.046749 , 1 
-0.198346 , 0.541411 , 1 
0.727622 , 0.442225 , 1 
-0.201578 , -0.232365 , 1 
-0.701464 , 0.473969 , 0 
-0.748008 , 0.257462 , 0 
-0.456282 , 0.661411 , 0 
-0.277549 , 0.518381 , 1 
-0.168575 , -0.571987 , 0 
0.168431 , -0.098220 , 0 
-0.068087 , 0.000717 , 1 
0.138149 , 0.041259 , 0 
-0.602018 , 0.279764 , 1 
-0.614912 , -0.158282 , 1 
-0.502159 , -0.752872 , 0 
0.225929 , -0.423605 , 0 
0.612741 , -0.179188 , 0 
-0.557379 , 0.579169 , 0 
0.602173 , -0.764762 , 0 
0.666659 , 0.659631 , 1 
0.983925 , 0.017170 , 1 
-0.341937 , -0.805471 , 0 
-0.051367 , 0.154681 , 0 
0.131951 , -0.132667 , 0 
-0.461425 , -0.129552 , 0 
-0.700452 , -0.629943 , 0 
0.089492 , -0.060854 , 0 
0.124095 , -0.916830 , 0 
0.175055 , 0.816543 , 0 
-0.337245 , -0.453387 , 0 
0.751268 , 0.029485 , 0 
0.073280 , -0.877293 , 1 
0.549959 , 0.310905 , 0 
-0.219819 , 0.471634 , 1 
0.228446 , -0.080654 , 1 
0.158856 , -0.039338 , 0 
0.190392 , 0.031192 , 0 
-0.172099 , -0.828499 , 1 
0.297290 , 0.551055 , 0 
-0.176838 , 0.842655 , 0 
-0.000020 , -0.836383 , 1 
0.510385 , 0.532583 , 0 
0.747332 , -0.464707 , 1 
0.284986 , -0.047975 , 1 
0.530881 , 0.067252 , 0 
0.507809 , 0.834513 , 1 
0.773834 , -0.408898 , 1 
-0.339647 , 0.048472 , 0 
-0.549388 , 0.070844 , 1 
-0.755699 , 0.398745 , 0 
-0.322454 , 0.337335 , 1 
0.631336 , -0.640426 , 1 
-0.140516 , 0.513309 , 1 
0.310544 , -0.249949 , 1 
-0.352194 , 0.900153 , 1 
-0.307308 , -0.140792 , 0 
0.253794 , 0.084366 , 0 
0.827651 , 0.477657 , 1 
0.535304 , -0.136658 , 0 
0.369418 , 0.669079 , 0 
0.383796 , 0.548288 , 0 
-0.044495 , 0.822754 , 0 
0.811799 , -0.049652 , 1 
-0.533421 , 0.533000 , 0 
0.218968 , -0.590910 , 0 
0.376829 , 0.615826 , 0 
-0.594599 , 0.289922 , 1 
-0.397592 , -0.865953 , 0 
0.047012 , -0.274347 , 1 
-0.357295 , 0.603244 , 0 
0.470136 , 0.838050 , 1 
-0.522924 , 0.155430 , 1 
0.060681 , 0.365615 , 1 
-0.048985 , 0.259252 , 0 
0.095774 , 0.540378 , 1 
-0.038095 , -0.761880 , 1 
0.225703 , 0.589390 , 0 
-0.306164 , -0.059271 , 0 
-0.188572 , 0.345120 , 0 
-0.187847 , 0.940923 , 1 
-0.653014 , 0.371545 , 0 
-0.403787 , -0.257044 , 0 
-0.678776 , 0.125632 , 1 
0.827536 , -0.107362 , 1 
-0.201393 , 0.918069 , 1 
-0.097906 , 0.674577 , 0 
-0.831498 , 0.461252 , 0 
0.763388 , -0.039430 , 1 
-0.722260 , -0.588423 , 0 
0.287790 , 0.682436 , 0 
-0.214497 , 0.824810 , 0 
0.215616 , 0.782282 , 0 
0.246202 , 0.557240 , 0 
-0.813050 , -0.130212 , 0 
0.482296 , 0.490544 , 0 
0.446562 , 0.427630 , 0 
0.284517 , 0.610609 , 0 
0.615784 , 0.621857 , 1 
0.230498 , 0.673188 , 0 
-0.138659 , 0.787852 , 0 
-0.401401 , -0.277802 , 0 
-0.052974 , 0.875331 , 0 
-0.464474 , 0.419707 , 1 
-0.090082 , -0.991025 , 0 
0.305957 , -0.498813 , 0 
-0.018353 , -0.811565 , 1 
0.697284 , 0.383517 , 1 
-0.460940 , 0.223999 , 1 
-0.901154 , -0.099261 , 0 
-0.095603 , -0.365498 , 0 
-0.592288 , 0.108922 , 1 
0.609749 , -0.431146 , 1 
-0.031686 , 0.933335 , 1 
0.184265 , 0.844943 , 1 
0.708489 , -0.575401 , 1 
-0.656319 , -0.711777 , 0 
-0.530258 , 0.622165 , 0 
0.454270 , -0.830581 , 0 
0.522794 , 0.354658 , 0 
-0.457066 , 0.570787 , 0 
0.913877 , -0.166052 , 1 
0.829846 , 0.284933 , 1 
0.890245 , 0.343453 , 1 
-0.129415 , -0.070018 , 1 
-0.311070 , 0.834811 , 0 
-0.509915 , 0.801493 , 1 
0.650348 , -0.218461 , 0 
0.162027 , 0.666578 , 0 
-0.062645 , -0.008395 , 1 
-0.697037 , 0.551847 , 0 
-0.733883 , -0.091289 , 1 
0.274372 , -0.096064 , 1 
-0.201806 , -0.739150 , 1 
0.558964 , 0.251113 , 0 
0.273177 , 0.254467 , 1 
0.359059 , 0.190687 , 1 
0.863376 , -0.245894 , 1 
-0.604712 , 0.651454 , 0 
0.493131 , 0.306040 , 0 
-0.528035 , 0.695105 , 0 
-0.343902 , -0.271181 , 0 
-0.304216 , -0.605614 , 1 
-0.028663 , -0.869474 , 1 
0.390278 , -0.495973 , 0 
-0.703917 , 0.021630 , 1 
0.414284 , 0.013094 , 1 
0.835497 , 0.358833 , 1 
-0.467329 , -0.059870 , 0 
0.451110 , -0.311435 , 0 
-0.112426 , 0.322851 , 0 
-0.039785 , -0.449618 , 0 
-0.436591 , 0.215733 , 1 
0.129906 , -0.519641 , 0 
0.525442 , -0.231711 , 0 
-0.795167 , 0.224503 , 0 
-0.620148 , 0.598734 , 0 
-0.367208 , -0.924895 , 0 
0.747517 , -0.510386 , 1 
0.689400 , 0.093860 , 0 
0.540904 , 0.248907 , 0 
0.488696 , 0.592798 , 0 
0.307665 , -0.770769 , 1 
0.718677 , 0.184778 , 0 
0.771441 , -0.121231 , 1 
-0.309048 , -0.000245 , 0 
-0.655517 , -0.695031 , 0 
0.163203 , -0.062199 , 0 
-0.041197 , 0.798936 , 0 
0.252794 , 0.158636 , 1 
0.669212 , 0.564601 , 1 
0.635979 , -0.675754 , 1 
0.570973 , 0.640516 , 1 
0.967261 , -0.000326 , 1 
0.822013 , 0.212287 , 1 
0.241205 , 0.773814 , 0 
0.977065 , -0.090947 , 1 
-0.784620 , 0.441925 , 0 
-0.958390 , 0.214171 , 0 
0.822592 , 0.015442 , 1 
-0.634859 , -0.309846 , 1 
-0.675955 , -0.630248 , 0 
0.252191 , 0.811931 , 0 
0.391446 , -0.910425 , 0 
-0.033450 , -0.798606 , 1 
-0.308339 , 0.882215 , 1 
0.325953 , 0.573932 , 0 
0.790006 , -0.582964 , 0 
0.486621 , -0.773380 , 1 
0.611863 , -0.403779 , 1 
-0.840712 , 0.322353 , 0 
-0.057961 , -0.243679 , 1 
-0.183122 , -0.351187 , 0 
-0.536692 , -0.397931 , 1 
-0.203579 , -0.459637 , 0 
-0.428525 , -0.901254 , 0 
-0.175027 , 0.345362 , 0 
-0.589869 , 0.382894 , 1 
0.037322 , 0.767567 , 0 
-0.734566 , -0.466067 , 0 
-0.526271 , -0.209061 , 1 
-0.726472 , 0.545242 , 0 
-0.728665 , 0.328644 , 0 
-0.347929 , 0.857789 , 1 
0.923775 , 0.320872 , 1 
0.445449 , -0.651884 , 1 
0.806999 , -0.574131 , 0 
0.127609 , -0.350617 , 1 
-0.242327 , -0.410064 , 0 
-0.108810 , -0.861100 , 0 
0.073984 , -0.518637 , 0 
-0.379893 , -0.486029 , 1 
-0.648899 , -0.525380 , 0 
-0.624693 , -0.520947 , 0 
-0.289522 , -0.717781 , 1 
-0.783226 , -0.198559 , 0 
0.005691 , -0.987718 , 0 
0.690766 , -0.521332 , 1 
-0.833218 , -0.289079 , 0 
0.195857 , 0.698208 , 0 
-0.882928 , -0.205566 , 0 
0.235071 , -0.570162 , 0 
0.288527 , 0.453881 , 1 
0.590005 , -0.102375 , 0 
0.127638 , 0.927961 , 1 
0.754877 , -0.627122 , 0 
-0.518823 , 0.354052 , 1 
0.211058 , 0.022179 , 0 
0.766156 , -0.104913 , 1 
-0.578227 , -0.077947 , 1 
0.673495 , 0.025641 , 0 
-0.165908 , -0.582368 , 1 
-0.150150 , -0.136952 , 1 
0.277873 , 0.313469 , 1 
0.137284 , 0.607800 , 0 
-0.756647 , 0.190099 , 0 
-0.289198 , 0.297039 , 0 
0.283861 , 0.883407 , 1 
-0.861312 , -0.158422 , 0 
0.171764 , -0.706041 , 1 
-0.039150 , 0.425914 , 1 
0.213669 , 0.714864 , 0 
0.300953 , -0.884318 , 0 
0.146766 , 0.109727 , 0 
0.796238 , -0.487815 , 1 
0.823789 , -0.014346 , 1 
0.880617 , 0.277110 , 1 
0.603509 , 0.644880 , 1 
0.566465 , -0.484242 , 1 
-0.189031 , -0.103405 , 1 
0.105768 , -0.000208 , 0 
0.669868 , 0.472669 , 1 
-0.011069 , -0.544846 , 0 
0.557183 , 0.072483 , 0 
-0.714734 , -0.043018 , 1 
0.218659 , 0.894176 , 1 
0.226992 , -0.118788 , 1 
0.380944 , 0.919373 , 1 
0.303154 , -0.167182 , 1 
-0.686223 , -0.173935 , 1 
-0.608395 , -0.540348 , 0 
-0.051348 , 0.847188 , 0 
-0.143607 , 0.531471 , 1 
0.391608 , 0.340884 , 1 
0.702179 , 0.056378 , 0 
0.686657 , 0.140114 , 0 
-0.169432 , -0.659286 , 1 
0.033888 , -0.750383 , 1 
0.192114 , -0.231048 , 1 
-0.436238 , 0.554196 , 0 
0.404310 , -0.775973 , 1 
0.154661 , -0.477743 , 0 
0.680723 , -0.083593 , 0 
-0.468923 , 0.858726 , 1 
-0.206283 , -0.895448 , 0 
-0.606743 , -0.071739 , 1 
-0.780787 , -0.046709 , 0 
0.203893 , -0.125891 , 1 
0.706807 , 0.683158 , 1 
-0.080418 , 0.843791 , 0 
0.744143 , -0.330261 , 1 
0.435094 , 0.789747 , 1 
-0.923850 , 0.242967 , 0 
0.688120 , -0.127029 , 0 
0.646222 , 0.650328 , 1 
-0.258823 , 0.410824 , 1 
0.536271 , -0.516782 , 1 
0.410947 , -0.147479 , 1 
0.096759 , -0.523678 , 0 
0.151174 , 0.351569 , 1 
0.202707 , -0.301388 , 1 
-0.421223 , 0.173025 , 0 
-0.438503 , -0.855100 , 0 
0.436845 , -0.611624 , 1 
0.173402 , 0.254296 , 0 
0.046423 , 0.214403 , 0 
0.615895 , 0.297223 , 0 
-0.107807 , -0.618167 , 1 
-0.212810 , 0.356569 , 0 
-0.710122 , -0.412677 , 0 
0.340181 , 0.625177 , 0 
0.851195 , -0.230258 , 1 
-0.765739 , -0.562091 , 0 
0.851362 , 0.474350 , 1 
-0.123772 , 0.247563 , 0 
0.334416 , -0.701201 , 1 
-0.454512 , 0.727214 , 0 
0.182174 , -0.637434 , 1 
-0.551774 , 0.645102 , 0 
0.112459 , -0.373874 , 1 
0.432759 , -0.861816 , 0 
-0.633909 , 0.245371 , 1 
0.533125 , -0.393274 , 0 
-0.384255 , 0.326278 , 1 
-0.849804 , -0.357590 , 0 
0.231927 , 0.732828 , 0 
-0.252124 , 0.432098 , 1 
0.196996 , -0.954363 , 0 
0.563220 , -0.150283 , 0 
0.199354 , 0.156032 , 0 
0.908375 , -0.264567 , 1 
0.004796 , 0.820423 , 0 
0.195655 , -0.190067 , 1 
0.586721 , -0.716643 , 1 
0.277657 , 0.482686 , 1 
0.195068 , 0.943912 , 1 
-0.624126 , 0.090286 , 1 
0.214467 , 0.200305 , 0 
-0.647296 , -0.463771 , 1 
-0.294978 , 0.889916 , 1 
-0.561610 , -0.346873 , 1 
-0.846252 , -0.404760 , 0 
0.097544 , 0.801538 , 0 
-0.919365 , 0.385311 , 1 
-0.170583 , 0.350862 , 0 
0.441695 , -0.252708 , 0 
0.513190 , 0.641098 , 0 
0.076181 , 0.655601 , 0 
-0.052457 , -0.268589 , 1 
-0.448258 , 0.200857 , 1 
0.201281 , 0.535279 , 1 
-0.595071 , -0.270953 , 1 
-0.022366 , -0.564821 , 0 
-0.434474 , -0.739522 , 0 
-0.425122 , -0.535991 , 1 
-0.205974 , 0.512945 , 1 
0.267651 , -0.430652 , 0 
-0.621668 , 0.303501 , 1 
0.361740 , 0.135845 , 1 
0.810026 , -0.164526 , 1 
0.051505 , -0.442589 , 0 
0.401744 , -0.630302 , 1 
-0.238173 , 0.630183 , 0 
-0.926338 , -0.205277 , 0 
0.686431 , 0.072081 , 0 
-0.318892 , 0.852422 , 1 
-0.190869 , 0.940469 , 1 
-0.215955 , 0.963829 , 1 
-0.261855 , -0.477873 , 0 
-0.703475 , -0.509915 , 0 
0.710933 , -0.067747 , 0 
-0.132400 , -0.835566 , 1 
0.796956 , 0.445220 , 1 
-0.112510 , -0.129159 , 1 
0.836623 , 0.115646 , 1 
-0.692653 , 0.176985 , 1 
0.320187 , 0.334571 , 1 
0.225121 , -0.277600 , 1 
-0.403134 , 0.626399 , 0 
0.707517 , 0.569915 , 1 
-0.077240 , -0.857771 , 1 
-0.906373 , 0.047307 , 0 
0.584650 , 0.450347 , 0 
0.842751 , 0.169986 , 1 
-0.147880 , 0.855923 , 0 
-0.253229 , 0.253410 , 0 
-0.202601 , -0.645380 , 1 
-0.124607 , 0.982280 , 1 
0.392904 , 0.905498 , 1 
0.265805 , -0.086944 , 1 
0.626557 , 0.035703 , 0 
0.848529 , 0.234094 , 1 
0.152582 , 0.500222 , 1 
0.127344 , 0.373353 , 1 
-0.164920 , -0.581983 , 1 
0.610239 , 0.372651 , 0 
0.410966 , -0.505404 , 0 
-0.684141 , 0.645474 , 1 
0.474631 , -0.186447 , 0 
-0.780184 , 0.134242 , 0 
-0.312751 , -0.018900 , 0 
-0.189234 , -0.332384 , 0 
0.421888 , -0.160599 , 1 
0.629051 , -0.232356 , 0 
-0.280266 , -0.801192 , 0 
0.212434 , 0.716954 , 0 
0.415541 , 0.112250 , 1 
0.029177 , 0.425495 , 1 
-0.340318 , -0.787474 , 0 
-0.688263 , -0.682476 , 0 
0.784801 , -0.513565 , 1 
0.112821 , -0.628143 , 0 
-0.304429 , 0.303852 , 0 
0.042646 , 0.085274 , 0 
0.063441 , -0.390226 , 0 
0.327895 , -0.715669 , 1 
-0.451761 , 0.217461 , 1 
-0.081922 , 0.942873 , 1 
0.321781 , -0.553335 , 0 
0.082185 , 0.102039 , 0 
-0.548771 , -0.098153 , 1 
0.330084 , 0.407180 , 1 
-0.735673 , 0.595518 , 1 
-0.608004 , -0.557545 , 0 
-0.532310 , -0.548127 , 1 
-0.166333 , 0.353082 , 0 
0.563359 , 0.779925 , 1 
-0.523277 , -0.615716 , 1 
-0.507741 , 0.410821 , 1 
-0.537789 , -0.341584 , 1 
0.804583 , 0.295107 , 1 
0.512472 , -0.105088 , 0 
-0.387748 , 0.895075 , 1 
-0.027850 , 0.514454 , 1 
0.440276 , 0.404203 , 0 
-0.585827 , 0.565459 , 0 
0.149381 , -0.086459 , 0 
-0.219042 , 0.748935 , 0 
0.526040 , -0.006584 , 0 
-0.785230 , 0.381534 , 0 
0.299581 , -0.735413 , 1 
0.471200 , 0.092177 , 1 
0.074470 , -0.431978 , 0 
-0.157187 , -0.037447 , 1 
0.323966 , -0.152319 , 1 
-0.565597 , 0.539500 , 0 
0.103502 , 0.070778 , 0 
-0.037682 , 0.690783 , 0 
-0.817858 , -0.380344 , 0 
-0.483465 , -0.061900 , 0 
-0.249658 , 0.198021 , 0 
-0.034121 , 0.136689 , 1 
-0.106952 , -0.147554 , 1 
-0.647395 , 0.129914 , 1 
0.141021 , -0.386083 , 0 
-0.531100 , 0.070709 , 1 
0.899029 , -0.326240 , 1 
0.360101 , 0.468496 , 0 
-0.554373 , 0.146257 , 1 
-0.207555 , -0.660234 , 1 
0.482510 , -0.321275 , 0 
0.250851 , 0.625072 , 0 
-0.265953 , 0.862740 , 1 
-0.678708 , -0.605513 , 0 
0.481951 , 0.678081 , 1 
0.204642 , -0.806625 , 1 
0.832081 , -0.210877 , 1 
-0.688983 , -0.574270 , 0 
0.007711 , -0.171191 , 1 
0.554460 , 0.520828 , 0 
0.215047 , 0.799356 , 0 
-0.638975 , -0.436205 , 1 
0.507394 , 0.463833 , 0 
0.299416 , -0.765278 , 1 
-0.421824 , -0.822429 , 0 
-0.934251 , 0.078328 , 0 
0.174003 , 0.754219 , 0 
0.481923 , 0.636208 , 0 
-0.685772 , -0.452662 , 0 
0.633533 , 0.627341 , 1 
-0.724946 , -0.236205 , 1 
-0.180480 , -0.605158 , 1 
0.080799 , 0.068808 , 0 
-0.080538 , -0.590883 , 0 
0.263521 , -0.243554 , 1 
-0.318007 , 0.198423 , 0 
0.385451 , -0.861551 , 0 
0.156616 , 0.506323 , 1 
-0.469580 , 0.304750 , 1 
0.376899 , 0.501853 , 0 
0.715056 , -0.439886 , 1 
0.655667 , 0.176500 , 0 
0.810934 , -0.216220 , 1 
-0.638411 , 0.569748 , 0 
-0.249646 , -0.143963 , 1 
0.222387 , -0.707241 , 1 
0.068874 , -0.528440 , 0 
-0.532303 , 0.200162 , 1 
0.024337 , 0.104044 , 0 
0.477926 , 0.509438 , 0 
0.016887 , 0.437069 , 1 
-0.542284 , 0.794666 , 1 
0.347037 , -0.309953 , 0 
-0.440266 , 0.661410 , 0 
0.255115 , 0.643390 , 0 
0.222165 , 0.010497 , 0 
0.625618 , 0.141313 , 0 
0.152295 , -0.281108 , 1 
-0.613279 , -0.339532 , 1 
-0.208902 , -0.247345 , 0 
0.443982 , -0.146392 , 1 
0.943335 , 0.157872 , 1 
-0.891863 , -0.358406 , 0 
0.235908 , -0.841373 , 1 
-0.263638 , -0.088517 , 0 
0.148388 , 0.232816 , 0 
0.171041 , 0.652257 , 0 
-0.117240 , -0.098427 , 1 
0.713652 , -0.119065 , 0 
0.325403 , -0.371160 , 0 
0.492909 , 0.417183 , 0 
-0.228003 , -0.700424 , 1 
-0.506160 , 0.025561 , 1 
-0.005017 , -0.044053 , 0 
-0.293530 , 0.788894 , 0 
-0.130099 , 0.168749 , 0 
0.042795 , 0.742552 , 0 
-0.467154 , 0.059389 , 0 
0.128654 , 0.063731 , 0 
-0.256398 , 0.016786 , 0 
0.941745 , 0.205115 , 1 
-0.207976 , 0.127872 , 0 
0.916110 , 0.102686 , 1 
0.678903 , -0.176539 , 0 
0.159611 , 0.974466 , 1 
-0.533458 , -0.115871 , 1 
0.097476 , -0.964878 , 0 
0.077233 , -0.526432 , 0 
-0.424489 , -0.766733 , 0 
-0.500161 , -0.141500 , 0 
0.268803 , -0.626501 , 1 
-0.220283 , 0.387538 , 1 
-0.092394 , 0.246917 , 0 
-0.133012 , 0.894605 , 1 
0.199128 , 0.693476 , 0 
-0.543566 , -0.347184 , 1 
0.182774 , -0.225780 , 1 
0.428163 , 0.782827 , 1 
0.264997 , -0.455409 , 0 
-0.686966 , -0.093260 , 1 
-0.153883 , -0.625379 , 1 
0.567231 , -0.538855 , 1 
-0.452698 , -0.223019 , 0 
0.181137 , 0.051580 , 0 
0.290660 , 0.732874 , 0 
0.180729 , -0.599806 , 0 
-0.127104 , 0.899022 , 1 
-0.926862 , 0.060200 , 0 
0.399665 , -0.748523 , 1 
0.130553 , 0.749882 , 0 
-0.749629 , -0.225458 , 0 
-0.558231 , 0.712727 , 0 
0.424847 , 0.766152 , 1 
0.799280 , -0.258884 , 1 
-0.042132 , 0.252895 , 0 
-0.488944 , 0.645395 , 0 
0.140277 , 0.945919 , 1 
0.782526 , 0.460768 , 1 
-0.104730 , 0.418332 , 1 
-0.333963 , 0.616662 , 0 
-0.950091 , 0.161688 , 0 
0.173915 , 0.668995 , 0 
-0.712179 , 0.220508 , 0 
-0.808593 , -0.032627 , 0 
-0.427632 , 0.059627 , 0 
-0.612200 , -0.137839 , 1 
-0.580309 , -0.087962 , 1 
-0.423895 , 0.620174 , 0 
-0.423111 , 0.651691 , 0 
-0.166095 , -0.760039 , 1 
0.691384 , 0.294015 , 0 
0.107368 , -0.583612 , 0 
0.282107 , 0.626141 , 0 
0.049929 , -0.956579 , 0 
0.888239 , -0.018398 , 1 
0.284077 , -0.255515 , 1 
0.423383 , 0.553262 , 0 
-0.613546 , 0.306596 , 1 
0.517753 , -0.688309 , 1 
0.708729 , -0.076690 , 0 
0.778996 , -0.423181 , 1 
-0.749882 , 0.070037 , 0 
-0.897180 , -0.266442 , 0 
-0.396601 , -0.087441 , 0 
0.247742 , -0.866969 , 0 
-0.163490 , 0.605520 , 1 
0.672202 , 0.455799 , 1 
-0.497755 , 0.078341 , 1 
0.806455 , -0.534142 , 0 
-0.252454 , -0.086150 , 1 
0.884351 , -0.375872 , 1 
-0.415410 , 0.683364 , 0 
0.223074 , 0.176360 , 0 
-0.546752 , -0.733340 , 0 
0.488239 , 0.453167 , 0 
-0.364404 , 0.740236 , 0 
-0.104891 , -0.821176 , 1 
-0.272380 , -0.172754 , 0 
0.563139 , 0.471757 , 0 
-0.655937 , -0.670400 , 0 
-0.663587 , -0.648114 , 0 
-0.768234 , -0.467767 , 0 
0.396717 , 0.221199 , 1 
-0.028231 , -0.748553 , 1 
0.513936 , 0.834914 , 1 
-0.499772 , 0.814775 , 1 
-0.103405 , 0.699141 , 0 
-0.590574 , 0.648645 , 0 
0.275910 , 0.332784 , 1 
-0.827754 , 0.423428 , 0 
0.047022 , 0.211962 , 0 
-0.564615 , 0.302432 , 1 
-0.480460 , 0.311009 , 1 
0.705070 , -0.306282 , 1 
-0.401645 , -0.379916 , 0 
0.584442 , 0.330253 , 0 
-0.399893 , 0.415639 , 1 
0.402500 , 0.124275 , 1 
-0.439266 , -0.786378 , 0 
0.633613 , 0.755494 , 1 
0.934256 , 0.077814 , 1 
0.269829 , -0.304892 , 1 
-0.698670 , -0.181526 , 1 
-0.628218 , -0.349946 , 1 
0.083601 , 0.190349 , 0 
0.528006 , -0.503007 , 1 
-0.418606 , 0.858353 , 1 
0.554648 , 0.595205 , 0 
-0.403105 , 0.086602 , 0 
0.571668 , 0.761059 , 1 
0.037356 , -0.764991 , 1 
0.129076 , -0.365302 , 1 
0.495748 , -0.243501 , 0 
0.319750 , -0.384502 , 0 
0.524627 , -0.096668 , 0 
0.736176 , 0.276174 , 1 
-0.694348 , 0.507294 , 0 
-0.019067 , -0.326744 , 1 
-0.456696 , -0.207049 , 0 
-0.659954 , 0.729973 , 1 
0.582709 , -0.251158 , 0 
-0.160856 , 0.633185 , 0 
0.806726 , 0.141797 , 1 
-0.353554 , 0.922416 , 1 
0.712748 , 0.419822 , 1 
0.885756 , -0.073840 , 1 
-0.403126 , 0.245057 , 1 
-0.395846 , -0.820529 , 0 
0.199763 , -0.767841 , 1 
0.581100 , -0.655497 , 1 
-0.579889 , 0.320784 , 1 
0.416701 , -0.773601 , 1 
-0.471916 , 0.336533 , 1 
0.646229 , 0.413546 , 0 
-0.912830 , -0.061681 , 0 
-0.631610 , -0.210074 , 1 
0.059958 , 0.377357 , 1 
0.392213 , -0.591117 , 1 
-0.081524 , 0.034896 , 1 
-0.574897 , 0.489263 , 0 
0.586147 , -0.007193 , 0 
0.545854 , -0.638887 , 1 
0.406199 , 0.733650 , 1 
0.722901 , -0.377103 , 1 
-0.405807 , -0.485712 , 1 
0.698568 , -0.281251 , 1 
-0.393702 , 0.400309 , 1 
-0.463054 , -0.394479 , 1 
0.652704 , 0.186048 , 0 
0.564287 , 0.428591 , 0 
-0.648285 , -0.243870 , 1 
-0.556320 , -0.607316 , 0 
0.135758 , 0.842610 , 0 
0.413949 , 0.264195 , 1 
-0.284632 , 0.578255 , 1 
0.328438 , 0.072373 , 1 
0.859041 , -0.173967 , 1 
0.199140 , -0.289958 , 1 
-0.391358 , -0.635117 , 1 
-0.073992 , 0.336245 , 0 
0.905666 , -0.102466 , 1 
0.233116 , -0.212671 , 1 
0.631380 , -0.344911 , 1 
-0.393851 , 0.200109 , 0 
-0.922277 , -0.209642 , 0 
-0.389670 , -0.640070 , 1 
0.389787 , -0.024288 , 1 
-0.187707 , -0.250123 , 1 
-0.681323 , -0.230877 , 1 
0.690836 , 0.722182 , 1 
0.184687 , 0.713030 , 0 
-0.824316 , -0.349125 , 0 
-0.289733 , -0.066230 , 0 
-0.808096 , 0.546785 , 1 
-0.462348 , 0.273558 , 1 
-0.705093 , 0.689528 , 1 
0.225277 , -0.344202 , 1 
-0.453635 , -0.705382 , 0 
0.406168 , 0.369288 , 1 
-0.284239 , 0.719322 , 0 
-0.675930 , -0.015671 , 1 
-0.077364 , 0.687036 , 0 
-0.007738 , -0.634697 , 1 
-0.698590 , 0.191039 , 1 
0.067366 , -0.294658 , 1 
-0.648667 , 0.120879 , 1 
-0.625753 , -0.337292 , 1 
-0.040516 , 0.387875 , 1 
0.056580 , 0.458807 , 1 
0.395327 , 0.615273 , 0 
0.742519 , 0.019157 , 0 
0.160981 , -0.741545 , 1 
0.217427 , -0.238075 , 1 
-0.530173 , 0.485711 , 0 
-0.338099 , 0.589463 , 0 
-0.043433 , 0.265062 , 0 
-0.538277 , -0.832261 , 0 
-0.430213 , -0.214214 , 0 
-0.499138 , -0.355891 , 1 
-0.380623 , -0.634417 , 1 
0.936512 , 0.276042 , 1 
0.125367 , -0.969090 , 0 
-0.737741 , -0.189868 , 1 
0.443327 , -0.033363 , 1 
-0.356717 , -0.433992 , 0 
-0.292781 , 0.092490 , 0 
-0.150675 , 0.570882 , 1 
-0.619679 , 0.491307 , 0 
0.169930 , 0.763590 , 0 
0.541803 , -0.409884 , 0 
-0.525175 , -0.086419 , 1 
0.192358 , 0.385977 , 1 
-0.573908 , -0.802458 , 0 
0.268692 , 0.507201 , 1 
0.246751 , 0.054674 , 0 
0.023719 , 0.567087 , 1 
0.259415 , 0.714929 , 0 
0.330725 , -0.083464 , 1 
0.079752 , -0.517366 , 0 
0.834907 , 0.171036 , 1 
-0.463512 , -0.165859 , 0 
-0.483720 , 0.477176 , 1 
0.469178 , -0.220967 , 0 
0.226943 , 0.190594 , 0 
0.633868 , -0.596788 , 1 
-0.270978 , 0.479671 , 1 
-0.028032 , 0.420927 , 1 
-0.574195 , -0.672740 , 0 
0.026733 , -0.517713 , 0 
0.296188 , -0.927248 , 0 
0.212684 , -0.004929 , 0 
0.809019 , -0.473187 , 1 
-0.568545 , 0.682877 , 0 
-0.052727 , 0.725349 , 0 
-0.794938 , -0.564980 , 0 
-0.245998 , -0.127451 , 1 
-0.529670 , 0.818717 , 1 
-0.223704 , -0.640771 , 1 
-0.761406 , 0.004501 , 0 
0.610739 , 0.745473 , 1 
-0.381645 , 0.697659 , 0 
0.358607 , 0.523283 , 0 
-0.431244 , 0.526944 , 0 
0.021337 , 0.101096 , 1 
-0.149813 , 0.847049 , 0 
-0.050057 , 0.044200 , 1 
0.840116 , -0.058561 , 1 
0.545579 , 0.551485 , 0 
0.359177 , 0.129825 , 1 
0.695746 , -0.156329 , 0 
-0.930175 , 0.233955 , 0 
-0.014360 , -0.148301 , 1 
-0.411863 , 0.110940 , 0 
0.144662 , -0.122354 , 0 
0.300969 , 0.900523 , 1 
-0.596332 , -0.522029 , 1 
-0.386387 , 0.831486 , 1 
0.371516 , -0.276906 , 0 
-0.603368 , 0.778864 , 1 
-0.283360 , 0.683829 , 0 
0.621819 , 0.678489 , 1 
-0.402776 , 0.608717 , 0 
0.658494 , 0.336768 , 0 
0.691815 , -0.222196 , 1 
-0.110186 , 0.735299 , 0 
-0.466184 , 0.248914 , 1 
-0.406867 , -0.495774 , 1 
-0.508885 , -0.510598 , 1 
-0.270084 , -0.078252 , 0 
-0.530081 , 0.650907 , 0 
0.649736 , 0.250388 , 0 
-0.104369 , 0.071451 , 1 
0.761001 , -0.059204 , 1 
0.443606 , -0.099970 , 1 
0.239556 , -0.239713 , 1 
0.807920 , -0.343933 , 1 
0.469172 , 0.219510 , 1 
0.060082 , -0.885871 , 0 
0.950002 , -0.124667 , 1 
-0.348044 , -0.213374 , 0 
0.808544 , -0.133438 , 1 
-0.180195 , -0.682825 , 1 
-0.014565 , -0.087963 , 0 
0.288346 , 0.803119 , 1 
0.683971 , -0.688386 , 0 
-0.777487 , -0.618883 , 0 
0.848198 , -0.280231 , 1 
0.182753 , 0.582937 , 0 
-0.289071 , -0.178962 , 0 
-0.067254 , 0.118552 , 1 
-0.650553 , -0.070503 , 1 
-0.694167 , -0.160257 , 1 
0.463488 , 0.323371 , 0 
-0.146795 , 0.520551 , 1 
-0.517915 , 0.658991 , 0 
0.373777 , 0.779700 , 1 
0.298257 , 0.927880 , 1 
0.064868 , -0.861171 , 1 
-0.606032 , -0.470279 , 1 
-0.798081 , -0.423537 , 0 
-0.215948 , 0.681097 , 0 
-0.223244 , -0.371907 , 0 
-0.585346 , -0.604621 , 0 
-0.124135 , -0.744277 , 1 
0.643438 , 0.264166 , 0 
0.397583 , -0.444798 , 0 
-0.144344 , 0.137954 , 0 
0.280979 , 0.607353 , 0 
0.688857 , 0.217004 , 0 
0.196851 , 0.161249 , 0 
-0.287595 , -0.022293 , 0 
0.736112 , -0.351858 , 1 
-0.394786 , 0.511603 , 1 
0.782760 , -0.422904 , 1 
-0.828414 , 0.260978 , 0 
-0.106473 , -0.496156 , 0 
-0.887557 , -0.404385 , 0 
0.196553 , 0.369882 , 1 
0.915328 , 0.269833 , 1 
0.295442 , 0.487469 , 1 
0.035679 , 0.388725 , 1 
0.807686 , 0.237446 , 1 
-0.385822 , -0.759871 , 0 
-0.608537 , 0.169580 , 1 
-0.286356 , -0.520334 , 1 
0.692266 , -0.115774 , 0 
0.024562 , 0.525585 , 1 
-0.219429 , -0.540519 , 0 
0.644505 , -0.754340 , 0 
-0.063003 , 0.968048 , 1 
-0.695807 , -0.424306 , 0 
-0.075047 , 0.870865 , 0 
0.972216 , 0.215700 , 1 
-0.655704 , -0.336229 , 1 
0.273053 , 0.520236 , 0 
0.239007 , -0.388587 , 0 
0.759969 , 0.564550 , 1 
0.076868 , 0.124843 , 0 
0.716991 , -0.620598 , 0 
0.522790 , 0.683560 , 1 
0.517179 , -0.641204 , 1 
0.272174 , 0.642659 , 0 
0.113595 , -0.290369 , 1 
0.368201 , -0.492045 , 0 
-0.590518 , -0.269350 , 1 
0.396377 , 0.866083 , 1 
-0.934305 , -0.203892 , 0 
-0.102356 , 0.427259 , 1 
0.606372 , 0.049223 , 0 
-0.370991 , -0.234376 , 0 
-0.251816 , 0.410271 , 1 
0.167080 , -0.552410 , 0 
-0.668358 , 0.316460 , 0 
0.579495 , 0.402845 , 0 
-0.146670 , 0.116802 , 1 
0.254741 , -0.069789 , 1 
-0.133740 , -0.144913 , 1 
0.224096 , -0.301283 , 1 
0.532115 , -0.407544 , 0 
0.307994 , 0.306005 , 1 
-0.159617 , 0.032009 , 1 
-0.379892 , 0.484174 , 1 
0.189584 , 0.770777 , 0 
-0.128717 , -0.101785 , 1 
-0.676795 , -0.082625 , 1 
-0.043072 , -0.228970 , 1 
0.172801 , 0.278562 , 0 
0.857421 , 0.490755 , 1 
0.569591 , 0.341452 , 0 
-0.791005 , -0.313446 , 0 
0.843867 , 0.440873 , 1 
-0.052907 , 0.877771 , 0 
-0.044743 , -0.893216 , 0 
0.505120 , -0.030203 , 0 
0.301050 , 0.789967 , 0 
-0.210716 , -0.468208 , 0 
-0.237483 , 0.181377 , 0 
0.357613 , -0.129275 , 1 
-0.103541 , -0.901971 , 0 
-0.390092 , 0.128470 , 0 
-0.554801 , 0.582396 , 0 
-0.537256 , 0.119264 , 1 
-0.365510 , 0.040738 , 0 
0.563545 , -0.113887 , 0 
0.257315 , 0.316802 , 1 
-0.823861 , -0.258747 , 0 
0.017335 , 0.274488 , 0 
-0.227166 , 0.800675 , 0 
-0.850293 , 0.164774 , 0 
-0.587609 , -0.560784 , 0 
0.037379 , -0.453793 , 0 
-0.236669 , 0.032158 , 1 
-0.020869 , 0.066132 , 1 
-0.216941 , -0.881333 , 0 
-0.876507 , 0.010338 , 0 
0.722032 , 0.224728 , 0 
-0.687615 , -0.266547 , 1 
-0.695289 , 0.518755 , 0 
0.456835 , 0.747870 , 1 
0.624730 , 0.678499 , 1 
-0.583568 , -0.292139 , 1 
-0.532638 , 0.443084 , 1 
0.057006 , 0.187884 , 0 
0.313614 , 0.644073 , 0 
0.509732 , -0.125799 , 0 
0.793002 , 0.084727 , 1 
0.897482 , -0.062807 , 1 
-0.291451 , 0.565411 , 1 
-0.530528 , -0.635235 , 0 
0.409270 , 0.169517 , 1 
-0.874176 , -0.327521 , 0 
0.116178 , 0.500812 , 1 
0.493255 , 0.303357 , 0 
-0.162400 , 0.224982 , 0 
-0.220755 , 0.337151 , 0 
0.617578 , 0.737179 , 1 
-0.507201 , 0.620226 , 0 
0.309853 , 0.811914 , 1 
0.145111 , -0.532013 , 0 
-0.830744 , -0.388203 , 0 
0.003766 , -0.520480 , 0 
0.591766 , -0.549704 , 1 
-0.035764 , -0.024262 , 0 
0.855753 , -0.149205 , 1 
-0.479055 , 0.284753 , 1 
-0.330757 , -0.820503 , 0 
0.722769 , 0.505161 , 1 
0.663769 , -0.404461 , 1 
-0.181406 , 0.916498 , 1 
-0.099506 , 0.459872 , 1 
0.990438 , -0.090727 , 0 
-0.265626 , 0.898468 , 1 
0.496102 , -0.429254 , 0 
-0.299670 , -0.609048 , 1 
-0.218798 , -0.641624 , 1 
0.225869 , -0.629803 , 1 
-0.098831 , 0.648631 , 0 
-0.615532 , 0.374120 , 0 
-0.627478 , 0.553137 , 0 
0.290853 , 0.562483 , 0 
0.095741 , 0.947769 , 1 
0.854072 , -0.252369 , 1 
0.909041 , 0.347096 , 1 
-0.859685 , -0.180345 , 0 
-0.242730 , 0.909017 , 1 
-0.364086 , -0.340823 , 0 
0.297417 , 0.272636 , 1 
0.006756 , -0.985884 , 0 
0.034607 , -0.106747 , 0 
-0.109560 , -0.603902 , 1 
0.007006 , -0.131214 , 1 
0.311079 , 0.530917 , 0 
0.481230 , -0.851740 , 0 
0.120500 , 0.385546 , 1 
-0.134357 , 0.826106 , 0 
-0.016576 , 0.888682 , 1 
0.195255 , -0.299692 , 1 
0.020904 , 0.398858 , 1 
0.937668 , 0.071116 , 1 
0.087941 , -0.114240 , 0 
-0.312204 , 0.360090 , 1 
-0.682762 , 0.449505 , 0 
0.860392 , -0.426792 , 1 
0.392598 , -0.063735 , 1 
0.352515 , -0.434756 , 0 
0.017810 , 0.927309 , 1 
-0.780197 , -0.483441 , 0 
0.710524 , 0.311161 , 0 
-0.485421 , -0.130640 , 0 
-0.258231 , 0.884748 , 1 
-0.358559 , 0.759575 , 0 
-0.282276 , -0.612323 , 1 
0.034512 , -0.287721 , 1 
-0.103673 , 0.850918 , 0 
-0.526142 , 0.188959 , 1 
-0.556970 , 0.217931 , 1 
-0.551621 , -0.097716 , 1 
0.137459 , -0.255299 , 1 
-0.270898 , 0.251974 , 0 
-0.355228 , -0.081374 , 0 
-0.236211 , 0.732697 , 0 
0.944929 , 0.101116 , 1 
0.022545 , 0.782115 , 0 
0.006317 , -0.141889 , 1 
0.644388 , -0.716774 , 0 
0.523017 , -0.099090 , 0 
-0.499163 , -0.298768 , 1 
0.231330 , -0.617674 , 1 
-0.082657 , 0.345887 , 0 
-0.212500 , 0.294613 , 0 
-0.067743 , 0.056074 , 1 
-0.443340 , -0.694950 , 1 
-0.363154 , 0.161357 , 0 
-0.543419 , -0.300846 , 1 
-0.301080 , -0.571386 , 1 
-0.476100 , 0.317681 , 1 
0.363964 , 0.025403 , 1 
-0.823472 , 0.292087 , 0 
0.485994 , 0.806254 , 1 
0.556120 , 0.577468 , 0 
0.670982 , -0.173414 , 0 
0.110439 , -0.744725 , 1 
-0.276237 , -0.458112 , 0 
0.819924 , -0.538206 , 0 
-0.445372 , -0.378440 , 1 
-0.379646 , 0.617183 , 0 
0.280540 , 0.336693 , 1 
-0.488476 , -0.254551 , 1 
0.288039 , -0.220657 , 1 
0.819884 , -0.246372 , 1 
0.146891 , -0.874738 , 1 
0.698968 , -0.231146 , 1 
-0.497126 , 0.619708 , 0 
0.709260 , -0.007510 , 0 
-0.291014 , -0.469001 , 0 
-0.311270 , 0.186688 , 0 
-0.650611 , -0.165038 , 1 
0.410369 , -0.221361 , 0 
0.090589 , 0.558821 , 1 
0.322141 , 0.825983 , 1 
0.024153 , -0.036771 , 0 
0.022582 , -0.749366 , 1 
0.596178 , -0.654039 , 1 
0.101891 , 0.812411 , 0 
0.021285 , 0.135070 , 0 
0.871597 , -0.155822 , 1 
-0.496260 , 0.531569 , 0 
-0.520382 , 0.106641 , 1 
0.508587 , -0.747340 , 1 
0.315573 , -0.742158 , 1 
0.065071 , 0.037805 , 0 
0.190846 , -0.781381 , 1 
0.548535 , 0.137639 , 0 
0.438970 , 0.532716 , 0 
-0.130032 , -0.801547 , 1 
0.008514 , -0.690546 , 1 
-0.560975 , 0.155141 , 1 
0.166916 , -0.772688 , 1 
0.030869 , -0.212207 , 1 
-0.039038 , -0.360732 , 1 
-0.621315 , 0.129260 , 1 
0.620172 , 0.400401 , 0 
0.514717 , -0.315075 , 0 
-0.265380 , 0.708678 , 0 
-0.343484 , 0.285980 , 1 
0.954604 , 0.161148 , 1 
0.169612 , -0.269529 , 1 
0.483240 , 0.489637 , 0 
0.263484 , -0.216904 , 1 
-0.337917 , -0.664872 , 1 
-0.204317 , 0.840633 , 0 
0.378527 , 0.091282 , 1 
-0.263794 , -0.620483 , 1 
0.646481 , 0.571486 , 1 
-0.212796 , 0.055875 , 1 
-0.177484 , 0.780487 , 0 
0.603190 , -0.170558 , 0 
0.714021 , 0.602433 , 1 
-0.057402 , 0.589982 , 1 
-0.687868 , -0.427191 , 0 
-0.445968 , -0.638052 , 1 
-0.069724 , -0.563600 , 0 
-0.931403 , 0.202344 , 0 
0.927055 , -0.055013 , 1 
-0.627508 , -0.292679 , 1 
0.071852 , -0.313866 , 1 
-0.335890 , 0.792814 , 0 
-0.059096 , 0.416139 , 1 
0.449420 , 0.265890 , 1 
-0.290947 , -0.062584 , 0 
0.188249 , 0.605932 , 0 
0.511212 , 0.346808 , 0 
-0.095264 , 0.538423 , 1 
-0.763950 , 0.126796 , 0 
-0.917721 , -0.214712 , 0 
0.173917 , 0.559297 , 1 
0.377976 , -0.494190 , 0 
0.624744 , -0.695487 , 0 
0.413020 , -0.510738 , 0 
0.723457 , 0.397814 , 1 
0.233634 , 0.728900 , 0 
-0.272910 , 0.150941 , 0 
0.468485 , 0.844672 , 1 
0.108996 , -0.257878 , 1 
-0.908342 , -0.319640 , 0 
-0.481254 , 0.579218 , 0 
-0.312163 , -0.265501 , 0 
0.327660 , -0.080171 , 1 
0.319803 , -0.312106 , 0 
0.119970 , -0.358280 , 1 
-0.028522 , -0.071763 , 0 
-0.477313 , 0.001396 , 0 
0.507655 , -0.262243 , 0 
0.504858 , -0.430798 , 0 
0.229885 , 0.109390 , 0 
-0.412214 , 0.308141 , 1 
-0.043822 , 0.487131 , 1 
-0.502992 , -0.465878 , 1 
-0.160971 , 0.551962 , 1 
0.210526 , -0.754115 , 1 
-0.991915 , -0.084513 , 0 
-0.230775 , -0.194532 , 1 
-0.400316 , -0.256194 , 0 
0.081103 , -0.385868 , 0 
0.298778 , -0.463866 , 0 
0.364824 , 0.478021 , 0 
0.163024 , -0.452228 , 0 
-0.400763 , -0.159138 , 0 
-0.584643 , 0.744766 , 1 
0.971491 , -0.076902 , 1 
0.398733 , -0.804470 , 1 
0.302341 , -0.817003 , 1 
-0.720321 , -0.320419 , 0 
-0.013461 , -0.457374 , 0 
0.488002 , 0.736270 , 1 
-0.010761 , -0.119982 , 1 
-0.214485 , -0.815123 , 1 
-0.080537 , -0.815724 , 1 
0.540910 , 0.417120 , 0 
-0.908299 , -0.173751 , 0 
-0.703141 , -0.302617 , 1 
0.306165 , 0.339962 , 1 
-0.023319 , -0.188319 , 1 
0.532441 , -0.742056 , 1 
-0.468686 , 0.540717 , 0 
-0.005376 , 0.386823 , 1 
0.444692 , -0.800526 , 0 
0.359431 , 0.567039 , 0 
-0.182984 , 0.077532 , 1 
0.933307 , -0.237336 , 1 
0.238487 , 0.693347 , 0 
-0.686140 , -0.461818 , 0 
0.187470 , -0.109844 , 1 
-0.378346 , -0.406109 , 0 
-0.568828 , 0.664862 , 0 
-0.395628 , 0.148854 , 0 
0.657417 , 0.261494 , 0 
-0.950302 , 0.218134 , 0 
0.680388 , -0.463753 , 1 
-0.006562 , 0.040328 , 1 
0.653147 , -0.374209 , 1 
0.055882 , -0.136502 , 0 
-0.040802 , 0.362162 , 0 
0.523363 , 0.383005 , 0 
-0.541260 , -0.037130 , 1 
-0.746729 , 0.166978 , 0 
0.162207 , 0.615708 , 0 
0.151538 , 0.843791 , 0 
-0.254169 , -0.922176 , 0 
0.049779 , -0.867902 , 1 
0.246708 , 0.163759 , 0 
0.244961 , -0.414933 , 0 
0.392387 , 0.566869 , 0 
-0.471578 , 0.424051 , 1 
-0.008991 , 0.776307 , 0 
0.685950 , -0.440502 , 1 
-0.507748 , -0.351928 , 1 
0.007202 , -0.976757 , 0 
-0.082627 , 0.707195 , 0 
-0.105205 , -0.548018 , 0 
-0.034424 , 0.989532 , 1 
0.550443 , 0.780155 , 1 
0.001787 , 0.549216 , 1 
0.220353 , -0.279654 , 1 
-0.572226 , -0.567171 , 1 
-0.741818 , -0.272633 , 0 
-0.257169 , -0.892778 , 0 
0.542171 , 0.754330 , 1 
-0.084978 , 0.935887 , 1 
0.453051 , -0.316866 , 0 
0.048284 , -0.191508 , 1 
-0.662931 , 0.595750 , 0 
-0.153739 , 0.755602 , 0 
0.135443 , -0.413463 , 0 
-0.473607 , 0.691551 , 0 
0.614605 , 0.529078 , 1 
-0.786240 , 0.283133 , 0 
-0.032041 , 0.255165 , 0 
0.375203 , -0.601391 , 1 
0.671951 , -0.649873 , 1 
0.232732 , 0.082972 , 0 
-0.297454 , -0.497025 , 0 
-0.758412 , -0.491807 , 0 
-0.746647 , -0.392767 , 0 
0.545421 , -0.373794 , 0 
-0.420924 , 0.198114 , 1 
0.606665 , -0.431692 , 1 
0.178275 , -0.808748 , 1 
-0.827647 , -0.272651 , 0 
-0.645139 , -0.758549 , 0 
0.221622 , -0.617318 , 1 
-0.387895 , 0.708311 , 0 
0.312005 , -0.449886 , 0 
-0.750400 , -0.104492 , 1 
0.353079 , 0.279237 , 1 
-0.804178 , -0.506357 , 0 
-0.813019 , 0.536508 , 1 
0.744027 , 0.623334 , 1 
0.461297 , -0.134347 , 0 
0.434907 , 0.145291 , 1 
-0.273352 , -0.942671 , 0 
0.799746 , 0.301705 , 1 
0.745221 , 0.642565 , 1 
-0.119650 , -0.585036 , 0 
-0.460737 , 0.233144 , 1 
-0.533892 , 0.639913 , 0 
-0.716524 , -0.024485 , 1 
-0.320889 , -0.493309 , 1 
0.679039 , -0.417360 , 1 
0.331217 , -0.902052 , 0 
-0.341036 , -0.194652 , 0 
-0.579592 , 0.108848 , 1 
0.238817 , 0.728113 , 0 
0.457689 , -0.282272 , 0 
0.689840 , -0.351692 , 1 
-0.686120 , -0.576245 , 0 
0.064884 , -0.205564 , 1 
-0.867518 , -0.377695 , 0 
-0.009714 , -0.556888 , 0 
0.701315 , 0.005808 , 0 
-0.235780 , -0.619937 , 1 
-0.661037 , -0.162904 , 1 
-0.334163 , 0.824426 , 0 
-0.277857 , -0.753859 , 1 
-0.660554 , 0.094849 , 1 
-0.519937 , 0.365931 , 1 
-0.311770 , -0.285182 , 0 
0.869405 , 0.307479 , 1 
-0.202042 , -0.769233 , 1 
-0.168604 , -0.155126 , 1 
0.202589 , -0.735797 , 1 
0.723149 , -0.098007 , 0 
-0.588474 , 0.069179 , 1 
-0.273302 , 0.282710 , 0 
0.605593 , 0.171085 , 0 
0.864184 , 0.427789 , 1 
0.629234 , 0.411163 , 0 
-0.527007 , 0.549812 , 0 
-0.523127 , 0.307302 , 1 
0.502293 , 0.272420 , 0 
-0.459546 , 0.239656 , 1 
-0.399204 , 0.730205 , 0 
-0.833890 , -0.167244 , 0 
0.777379 , -0.324439 , 1 
-0.864386 , -0.477371 , 0 
-0.816743 , -0.282032 , 0 
0.548679 , -0.263274 , 0 
-0.772448 , 0.287404 , 0 
-0.087927 , 0.303672 , 0 
-0.641320 , -0.234527 , 1 
0.212764 , -0.501966 , 0 
-0.636091 , 0.197212 , 1 
0.628374 , 0.226576 , 0 
-0.615616 , 0.554970 , 0 
-0.622865 , 0.114742 , 1 
0.183808 , -0.511951 , 0 
0.359517 , -0.369605 , 0 
0.912665 , -0.379445 , 0 
0.000208 , 0.863757 , 0 
-0.713581 , 0.329338 , 0 
-0.239371 , -0.434973 , 0 
0.438338 , -0.506511 , 0 
0.440357 , -0.451456 , 0 
0.607734 , -0.627389 , 1 
-0.516469 , -0.027598 , 1 
-0.353831 , -0.051923 , 0 
-0.623537 , 0.068619 , 1 
0.559396 , 0.012763 , 0 
-0.921552 , -0.316178 , 0 
0.001677 , -0.412857 , 0 
0.842701 , 0.174042 , 1 
-0.832741 , -0.172574 , 0 
-0.445641 , 0.500754 , 1 
-0.274770 , -0.940756 , 0 
0.452825 , -0.245099 , 0 
-0.143335 , -0.140983 , 1 
0.370812 , 0.579797 , 0 
0.254382 , 0.142068 , 1 
0.588006 , 0.081052 , 0 
0.228393 , 0.918035 , 1 
0.289025 , -0.753863 , 1 
0.695469 , -0.083229 , 0 
0.119979 , 0.426646 , 1 
0.669099 , -0.128099 , 0 
-0.674287 , -0.645429 , 0 
-0.009783 , 0.286400 , 0 
0.054410 , -0.931701 , 0 
-0.170241 , -0.451194 , 0 
0.269453 , 0.079735 , 1 
-0.958502 , 0.071974 , 0 
0.224846 , -0.708964 , 1 
-0.519913 , 0.265630 , 1 
-0.026236 , -0.086785 , 0 
-0.042045 , 0.612144 , 1 
0.596854 , 0.537095 , 0 
-0.029289 , 0.911975 , 1 
0.685495 , -0.286347 , 1 
-0.525626 , 0.549926 , 0 
0.639578 , 0.214186 , 0 
0.564017 , 0.491975 , 0 
-0.358643 , 0.074406 , 0 
0.821762 , -0.538590 , 0 
0.543707 , -0.812176 , 0 
0.177047 , -0.687489 , 1 
0.022013 , 0.651483 , 0 
-0.187427 , -0.799959 , 1 
0.004791 , -0.776890 , 1 
-0.609248 , 0.676606 , 0 
-0.279228 , 0.818268 , 0 
0.129294 , -0.296049 , 1 
-0.372346 , 0.101103 , 0 
0.247410 , 0.192683 , 1 
-0.377464 , -0.061817 , 0 
-0.145215 , 0.677931 , 0 
0.827868 , -0.494738 , 0 
-0.282810 , -0.744287 , 1 
-0.262874 , 0.794335 , 0 
0.830757 , -0.039548 , 1 
0.282336 , 0.723067 , 0 
-0.646285 , -0.638145 , 0 
-0.135580 , -0.637861 , 1 
-0.319792 , 0.171279 , 0 
0.185210 , 0.759065 , 0 
0.934628 , 0.184406 , 1 
0.118469 , -0.508413 , 0 
-0.471860 , 0.326257 , 1 
0.211937 , -0.362512 , 0 
0.272323 , 0.650309 , 0 
0.276418 , 0.012572 , 1 
0.453127 , 0.768373 , 1 
0.032763 , 0.296122 , 0 
-0.657750 , 0.080832 , 1 
0.893770 , 0.122520 , 1 
-0.117888 , 0.531154 , 1 
0.158103 , 0.917091 , 1 
0.502019 , -0.312665 , 0 
0.050931 , -0.413810 , 0 
0.585176 , 0.099772 , 0 
-0.199253 , 0.376730 , 1 
-0.117084 , -0.755518 , 1 
0.453697 , 0.407437 , 0 
-0.877899 , -0.056109 , 0 
0.577732 , -0.538791 , 1 
-0.544984 , 0.592457 , 0 
-0.194798 , -0.373877 , 0 
-0.689230 , 0.478037 , 0 
0.497836 , 0.510838 , 0 
-0.476770 , 0.399827 , 1 
0.200981 , 0.038684 , 0 
-0.453338 , 0.444166 , 1 
-0.869620 , -0.320564 , 0 
-0.649149 , -0.655845 , 0 
-0.005821 , -0.645986 , 1 
0.201413 , 0.262129 , 1 
-0.120686 , -0.740818 , 1 
0.796258 , -0.550442 , 0 
-0.319688 , -0.110873 , 0 
0.264084 , 0.074864 , 1 
-0.060750 , -0.021578 , 1 
0.648251 , -0.260560 , 0 
0.516203 , -0.584772 , 1 
0.603292 , 0.391696 , 0 
-0.845992 , -0.259178 , 0 
0.473760 , -0.771252 , 1 
-0.450136 , -0.159283 , 0 
-0.205588 , 0.890334 , 1 
0.369780 , 0.469194 , 0 
-0.033095 , -0.172866 , 1 
-0.754389 , 0.412929 , 0 
-0.026551 , 0.267011 , 0 
0.724208 , 0.367427 , 1 
-0.239698 , -0.140267 , 1 
0.752556 , -0.223188 , 1 
0.422000 , 0.775325 , 1 
0.774693 , 0.541073 , 1 
0.670743 , 0.548695 , 1 
-0.732500 , 0.095216 , 1 
-0.923870 , -0.079924 , 0 
-0.568829 , 0.695073 , 0 
0.367279 , -0.369766 , 0 
0.431397 , -0.117192 , 1 
-0.391093 , -0.443616 , 1 
0.768285 , -0.007788 , 1 
0.576714 , 0.805844 , 1 
-0.287991 , -0.784616 , 1 
-0.841422 , 0.322340 , 0 
0.748668 , -0.494816 , 1 
0.914243 , 0.173974 , 1 
-0.662053 , -0.555949 , 0 
-0.605815 , 0.289070 , 1 
-0.269458 , 0.805904 , 0 
0.680383 , -0.085854 , 0 
0.225995 , -0.108244 , 1 
-0.042860 , -0.512320 , 0 
0.687267 , -0.576265 , 1 
-0.405823 , 0.019840 , 0 
-0.015909 , 0.482011 , 1 
-0.772845 , -0.463225 , 0 
0.566508 , -0.515647 , 1 
-0.393070 , 0.407667 , 1 
0.350253 , -0.830658 , 1 
-0.415522 , -0.405451 , 1 
0.137375 , 0.561612 , 1 
0.163144 , 0.353103 , 1 
0.200944 , -0.835942 , 1 
0.780750 , -0.488778 , 1 
-0.063960 , -0.793164 , 1 
-0.693361 , -0.090645 , 1 
0.936507 , 0.339904 , 1 
-0.280704 , 0.358188 , 1 
-0.649651 , 0.135152 , 1 
0.467895 , 0.064881 , 1 
-0.178840 , -0.612989 , 1 
0.035798 , 0.612628 , 1 
0.816214 , 0.396933 , 1 
-0.003222 , -0.801128 , 1 
0.620824 , 0.663669 , 1 
0.252502 , 0.386896 , 1 
0.422169 , 0.007076 , 1 
-0.436240 , 0.893942 , 1 
-0.589668 , 0.183100 , 1 
-0.110189 , 0.980983 , 1 
