-0.105971, -0.430413, 0
-0.047512, -0.170174, 1
-0.746442, -0.614535, 0
-0.522895, 0.449386, 1
0.045536, 0.751870, 0
-0.322758, 0.732683, 0
-0.823119, -0.562116, 0
0.390967, 0.321295, 1
0.644277, -0.434549, 1
-0.611024, -0.678100, 0
-0.096641, 0.139827, 1
-0.305258, 0.225636, 0
0.578766, -0.384922, 0
-0.760758, 0.397646, 0
0.286064, 0.698926, 0
0.601884, 0.638048, 1
0.601860, -0.797768, 0
-0.394428, -0.126612, 0
0.067397, -0.590981, 0
0.472588, 0.341236, 0
0.926344, 0.094207, 1
-0.448951, -0.759427, 0
0.802628, 0.488634, 1
-0.544346, -0.010316, 1
-0.220852, 0.918984, 1
0.497099, -0.049952, 0
0.362413, -0.356167, 0
-0.469138, -0.146351, 0
-0.017995, 0.738186, 0
0.353867, -0.054830, 1
-0.223367, -0.651823, 1
-0.123222, 0.236379, 0
0.647728, 0.351475, 0
-0.655706, -0.544395, 0
-0.039340, -0.684147, 1
0.643028, 0.544082, 1
-0.401960, -0.473117, 1
-0.813931, -0.480500, 0
0.371591, 0.721798, 0
-0.911508, 0.112644, 0
0.016532, -0.021550, 0
0.477883, 0.741319, 1
0.157031, -0.950817, 0
-0.316397, 0.004179, 0
-0.361201, -0.050101, 0
-0.066157, 0.723816, 0
0.797406, -0.117379, 1
-0.590727, -0.424051, 1
-0.921695, 0.051978, 0
0.135549, 0.461938, 1
-0.807511, -0.082791, 0
-0.712163, 0.252289, 0
0.426940, 0.162512, 1
-0.267531, 0.796095, 0
0.094186, -0.512785, 0
-0.474993, -0.773840, 0
-0.597335, 0.341896, 1
0.673650, -0.121768, 0
0.359244, -0.909831, 0
-0.389576, 0.422461, 1
-0.134096, -0.221455, 1
0.458893, -0.624079, 1
-0.380232, -0.761717, 0
-0.973138, 0.179978, 1
0.770984, -0.273100, 1
-0.287087, 0.600706, 0
-0.442652, 0.028979, 0
-0.252560, 0.595616, 1
0.705065, 0.221333, 0
0.521988, -0.214698, 0
0.212099, 0.000090, 0
0.679995, 0.139935, 0
0.219190, 0.959326, 1
0.482158, 0.464400, 0
-0.688450, 0.681631, 1
-0.584462, -0.141045, 1
0.318909, 0.597827, 0
-0.731752, -0.401463, 0
-0.170966, 0.407791, 1
0.446362, -0.506075, 0
0.433197, 0.281973, 1
0.203573, 0.099284, 0
0.801090, -0.352140, 1
-0.353915, 0.080863, 0
-0.513233, -0.408017, 1
-0.109498, -0.486424, 0
-0.537131, -0.455314, 1
0.336253, -0.310494, 0
0.050035, 0.627668, 0
-0.300418, 0.343379, 1
-0.504176, -0.826548, 0
-0.195871, 0.252863, 0
0.326036, 0.089460, 1
0.258367, 0.729364, 0
0.429544, 0.693502, 0
-0.547988, -0.262689, 1
0.693120, 0.425965, 1
-0.020586, -0.513296, 0
0.290016, 0.711416, 0
0.767432, 0.115980, 1
0.885939, -0.290789, 1
-0.476263, -0.047442, 0
-0.857678, -0.447636, 0
-0.323977, -0.170461, 0
-0.212277, -0.402987, 0
-0.277510, 0.601098, 0
0.865953, -0.322451, 1
-0.589780, 0.576506, 0
-0.963837, 0.077133, 0
0.549735, 0.665502, 1
0.960039, -0.066274, 1
-0.428787, 0.572337, 0
-0.255176, 0.526076, 1
0.735628, 0.121912, 0
0.003621, 0.718578, 0
-0.286467, 0.759277, 0
0.669857, -0.155071, 0
-0.877891, 0.205819, 0
-0.627927, 0.130754, 1
0.898879, -0.169432, 1
0.844668, 0.223188, 1
-0.123257, -0.130177, 1
0.811481, 0.545124, 1
0.479915, 0.421432, 0
-0.681774, 0.359884, 0
0.105841, -0.552736, 0
-0.277957, 0.543120, 1
-0.272049, 0.589373, 1
0.545996, 0.780686, 1
-0.338526, -0.032898, 0
-0.828494, -0.155878, 0
-0.156425, 0.938360, 1
-0.340941, 0.039171, 0
-0.863176, -0.398787, 0
-0.006281, -0.800295, 1
0.281389, 0.556155, 0
-0.179802, 0.733889, 0
-0.023106, -0.965668, 0
0.062185, 0.744504, 0
-0.359126, 0.625737, 0
0.222260, -0.295674, 1
0.613716, 0.567402, 1
-0.462778, -0.043863, 0
0.309355, -0.679352, 1
-0.011858, -0.740646, 1
-0.673556, 0.358344, 0
0.106202, -0.749818, 1
-0.341096, 0.437114, 1
-0.352311, 0.376595, 1
0.517409, 0.381408, 0
0.954662, -0.232815, 0
0.193829, 0.515934, 1
-0.819112, -0.365258, 0
-0.041333, 0.368359, 0
-0.172925, -0.595005, 1
-0.830690, 0.134529, 0
0.184854, -0.209906, 1
-0.788132, 0.208483, 0
0.794166, 0.241287, 1
-0.289696, -0.782163, 1
0.071731, 0.321090, 0
-0.216670, 0.654355, 0
-0.360981, -0.312017, 0
-0.420199, 0.068076, 0
-0.163997, -0.110714, 1
0.414942, 0.761714, 1
0.443797, 0.394851, 0
0.744518, 0.382498, 1
-0.345650, 0.215315, 0
-0.468247, -0.435551, 1
0.045179, -0.248650, 1
-0.701400, 0.021545, 1
-0.299382, 0.801194, 0
0.053393, -0.979856, 0
0.437860, 0.261736, 1
0.566162, -0.712603, 1
0.704994, -0.374642, 1
-0.548803, -0.566858, 1
-0.366157, 0.286757, 1
0.249347, -0.449815, 0
0.766008, -0.086717, 1
-0.254632, -0.899141, 0
-0.426193, 0.365636, 1
-0.657960, -0.373395, 1
0.263508, -0.962086, 0
-0.147252, 0.273322, 0
0.336410, -0.665024, 1
0.285721, -0.678644, 1
-0.614504, 0.771795, 1
0.570686, -0.099472, 0
-0.383749, -0.838777, 0
-0.033253, -0.170952, 1
-0.248116, -0.830644, 0
0.157729, -0.415363, 0
-0.129093, 0.800268, 0
-0.140452, -0.519437, 0
0.703732, 0.576605, 1
-0.773844, -0.225705, 0
-0.133675, 0.029009, 1
-0.782150, 0.589569, 1
0.004476, -0.754148, 1
-0.528727, 0.400320, 1
-0.429796, -0.612574, 1
-0.528410, -0.697853, 0
-0.177195, -0.706596, 1
-0.520600, -0.746430, 0
0.481444, 0.503803, 0
0.392752, -0.128970, 1
0.863147, -0.370918, 1
0.061581, -0.647642, 1
0.080270, -0.942422, 0
-0.253324, 0.743240, 0
0.453239, 0.440158, 0
0.344970, -0.830516, 1
0.357904, 0.134234, 1
-0.730911, 0.624343, 1
-0.094475, 0.024518, 1
0.914831, 0.359722, 1
0.725261, 0.499632, 1
0.345499, 0.212923, 1
-0.163609, -0.056407, 1
-0.221539, -0.658017, 1
0.185422, 0.423807, 1
-0.676523, 0.219909, 1
-0.378637, -0.302161, 0
-0.163370, -0.714727, 1
-0.616104, -0.224401, 1
-0.207709, -0.769083, 1
0.573949, -0.140963, 0
0.109940, -0.195852, 1
-0.446840, -0.308028, 0
0.517844, 0.058391, 0
0.636979, -0.166027, 0
-0.248216, 0.912774, 1
-0.862119, 0.365815, 0
0.156996, 0.346368, 1
0.390962, -0.632436, 1
0.278523, 0.703854, 0
0.432370, -0.094196, 1
-0.555718, -0.462891, 1
-0.472317, 0.866661, 1
0.226121, -0.197110, 1
-0.738450, -0.263739, 0
-0.697520, 0.139385, 1
-0.527900, -0.259320, 1
0.608490, -0.134949, 0
-0.390695, 0.155981, 0
-0.328617, -0.723142, 1
0.035329, 0.758705, 0
-0.736213, -0.545355, 0
-0.218210, -0.441644, 0
0.147972, -0.440355, 0
-0.290576, 0.771697, 0
0.128086, -0.862519, 1
-0.924165, -0.121988, 0
0.955997, -0.229363, 0
0.530053, 0.791764, 1
-0.695051, 0.064744, 1
0.276443, -0.925375, 0
-0.814007, -0.302922, 0
-0.704787, -0.546485, 0
-0.859402, 0.473202, 1
0.879137, -0.072638, 1
-0.002122, -0.484237, 0
-0.732310, -0.083447, 1
0.397992, -0.528847, 0
-0.143431, -0.729623, 1
0.720250, 0.486411, 1
0.881263, -0.383756, 1
0.571464, -0.269872, 0
-0.115334, 0.299216, 0
-0.120118, -0.622016, 1
0.408121, -0.637285, 1
0.901605, -0.200314, 1
-0.488566, 0.409581, 1
-0.313740, 0.713331, 0
0.280647, 0.414034, 1
0.698910, -0.328448, 1
0.576432, -0.672982, 1
0.927730, -0.189575, 1
-0.549948, -0.688303, 0
-0.346648, 0.730084, 0
0.375541, 0.334754, 1
-0.395051, 0.561107, 0
0.527780, -0.556657, 1
-0.975779, 0.160455, 1
0.583750, -0.056021, 0
0.137150, -0.291534, 1
-0.036525, -0.001350, 1
-0.516150, -0.529955, 1
0.053498, -0.203051, 1
0.642099, 0.611420, 1
0.391473, 0.441740, 0
0.039678, 0.332100, 0
-0.646873, 0.682605, 1
-0.189225, 0.547817, 1
0.484540, 0.601916, 0
-0.175251, 0.327902, 0
-0.478742, -0.119155, 0
-0.054562, -0.211257, 1
0.491244, 0.155823, 1
0.167169, -0.460054, 0
-0.060064, -0.970830, 0
0.958308, 0.038268, 1
0.823541, 0.145247, 1
0.097679, -0.675713, 1
-0.525699, 0.177920, 1
0.044531, -0.483052, 0
-0.844337, -0.435844, 0
0.001082, -0.559820, 0
-0.701027, 0.030288, 1
-0.647937, 0.068703, 1
0.480671, 0.454259, 0
-0.461499, -0.433131, 1
-0.539474, 0.631023, 0
0.417640, 0.152688, 1
0.694901, -0.454056, 1
0.133351, 0.167859, 0
-0.025780, 0.721830, 0
0.572243, -0.743752, 0
-0.575111, 0.368407, 1
-0.725619, 0.613580, 1
-0.087463, -0.248625, 1
0.144902, -0.239558, 1
-0.228099, -0.609972, 1
-0.173590, -0.737294, 1
0.102137, 0.059640, 0
-0.415365, 0.256279, 1
0.480812, -0.632091, 1
-0.515997, 0.341604, 1
-0.097829, 0.709267, 0
-0.178372, -0.561868, 0
-0.027747, 0.516473, 1
-0.394311, 0.721073, 0
0.638065, 0.035192, 0
0.972439, -0.169181, 0
-0.338371, -0.928551, 0
0.274302, -0.955856, 0
0.562396, -0.517130, 1
0.010212, -0.970540, 0
-0.111703, -0.527367, 0
-0.708905, 0.208410, 0
0.757668, 0.517680, 1
0.636804, -0.556904, 1
0.058936, -0.379930, 1
0.256296, -0.450145, 0
0.854322, -0.337092, 1
-0.091307, 0.045308, 1
0.583311, -0.003448, 0
0.674657, -0.509341, 1
-0.332154, -0.852615, 0
-0.594293, -0.063273, 1
0.220514, -0.048010, 0
-0.544359, 0.513246, 0
0.223812, 0.407424, 1
-0.776246, 0.231432, 0
0.195057, -0.806699, 1
0.549340, 0.208589, 0
0.171793, -0.885676, 0
-0.453537, -0.263948, 0
-0.793893, 0.597823, 1
0.084488, 0.866598, 1
-0.265652, 0.685221, 0
0.102678, 0.236567, 0
0.848625, 0.317880, 1
0.059978, 0.969603, 1
-0.718464, -0.215007, 1
0.495307, -0.524936, 1
0.214074, 0.646309, 0
-0.783028, 0.468118, 0
0.274348, -0.800600, 1
-0.384514, 0.487554, 1
0.049067, -0.541877, 0
-0.787247, 0.289859, 0
0.774968, 0.150559, 1
-0.074080, -0.379404, 0
-0.346082, 0.436538, 1
-0.811288, 0.402680, 0
-0.792754, 0.589365, 1
0.246565, -0.918397, 0
-0.844369, 0.154357, 0
-0.380898, -0.155474, 0
-0.594107, -0.254321, 1
-0.155072, -0.620980, 1
0.389292, 0.665232, 0
0.029855, 0.580665, 1
-0.696604, -0.548525, 0
0.083225, -0.079367, 0
-0.071189, -0.721712, 1
0.462709, -0.173464, 0
-0.782778, 0.140530, 0
-0.057645, -0.104971, 1
-0.099461, 0.345860, 0
-0.284870, 0.270309, 0
0.336448, 0.152875, 1
0.428922, -0.791432, 1
0.977286, 0.042061, 1
0.243855, 0.383778, 1
0.628504, -0.069997, 0
0.507343, -0.183519, 0
0.202985, -0.917259, 0
-0.224401, -0.650748, 1
0.246272, -0.036030, 1
0.369700, -0.919156, 0
0.418188, 0.120851, 1
-0.673344, -0.703361, 0
0.426397, -0.355587, 0
-0.218927, 0.860349, 0
0.242686, -0.355595, 0
0.048166, -0.255738, 1
-0.433995, 0.380622, 1
-0.720678, -0.222574, 1
-0.645175, -0.206342, 1
-0.578822, 0.169025, 1
0.106754, 0.693357, 0
-0.006377, -0.264522, 1
0.421446, -0.706817, 1
-0.687739, -0.447065, 0
-0.453143, 0.165636, 1
-0.077359, 0.012365, 1
-0.289800, 0.403768, 1
-0.839077, 0.155695, 0
0.239212, -0.562825, 0
0.281653, 0.613429, 0
0.646032, -0.647182, 1
-0.344478, -0.697152, 1
0.246797, -0.535335, 0
-0.179395, 0.160969, 0
0.419421, -0.541376, 1
0.348968, 0.444665, 1
0.484587, -0.373359, 0
-0.659779, -0.285763, 1
-0.036114, 0.679012, 0
-0.885501, 0.113367, 0
0.255375, 0.077810, 0
0.555946, 0.166756, 0
0.135724, 0.070012, 0
0.051753, -0.158042, 1
-0.931795, 0.320422, 1
0.473968, 0.200407, 1
0.602179, 0.064053, 0
0.479873, -0.346732, 0
0.940134, 0.249226, 1
0.050334, -0.857370, 1
0.222120, 0.496176, 1
0.773878, -0.325145, 1
0.171935, -0.852686, 1
0.654638, 0.591721, 1
0.960475, 0.207533, 1
0.699752, 0.253761, 0
0.134003, -0.118039, 0
-0.177048, 0.303331, 0
0.310960, 0.583422, 0
0.238233, -0.754681, 1
-0.159180, 0.887286, 1
0.486471, 0.624063, 0
-0.700157, -0.110830, 1
-0.718059, -0.584303, 0
-0.948892, 0.209257, 0
-0.911398, 0.292164, 0
-0.901015, 0.415024, 1
-0.305770, -0.689614, 1
0.241685, 0.950775, 1
0.549002, 0.432620, 0
-0.570876, -0.477939, 1
-0.708459, 0.627206, 1
0.426677, -0.419821, 0
-0.350822, 0.567286, 1
-0.509776, 0.442940, 1
0.780999, -0.109868, 1
0.107523, 0.294782, 0
0.918568, -0.141383, 1
0.734471, 0.373435, 1
-0.381409, 0.639179, 0
0.043722, -0.285570, 1
-0.730077, 0.234738, 0
0.146372, -0.225429, 1
0.123136, 0.628664, 0
0.834551, -0.550353, 0
-0.293451, 0.922025, 1
0.620379, 0.377436, 0
0.044934, -0.226979, 1
0.089564, -0.896562, 0
0.084517, -0.132329, 0
0.333410, -0.852323, 0
-0.800101, -0.384275, 0
-0.094659, 0.751109, 0
-0.115188, -0.059527, 1
-0.628936, -0.099724, 1
-0.554747, -0.290358, 1
0.023229, 0.550730, 1
0.728255, 0.350605, 1
-0.049515, 0.279047, 0
0.609621, -0.136412, 0
-0.545197, -0.550679, 1
0.213082, 0.902219, 1
0.248502, -0.495203, 0
-0.022516, 0.556802, 1
0.106512, -0.341159, 1
-0.115236, 0.545057, 1
-0.546453, -0.783416, 0
0.128733, 0.349060, 1
0.119764, 0.184627, 0
-0.233523, 0.215083, 0
0.243312, 0.191795, 1
0.757241, 0.278925, 1
0.231055, 0.551055, 0
0.663281, -0.425400, 1
-0.142871, -0.948669, 0
-0.945871, 0.075144, 0
-0.460033, 0.167563, 1
-0.877218, -0.057594, 0
0.513492, 0.401554, 0
-0.375282, -0.688457, 1
0.203657, 0.198197, 0
0.589991, -0.805843, 0
-0.206661, -0.298152, 0
0.258607, -0.236990, 1
-0.232288, -0.502719, 0
-0.427921, 0.278681, 1
-0.547391, -0.799758, 0
0.374318, -0.218550, 1
-0.598263, 0.443680, 0
0.101699, 0.761584, 0
-0.938133, 0.189522, 0
0.511063, -0.683199, 1
-0.697781, 0.559292, 0
0.583169, -0.204663, 0
0.125635, -0.869949, 1
0.043773, 0.393243, 1
-0.389818, 0.047265, 0
0.365397, -0.214691, 1
0.719771, -0.272208, 1
-0.003942, 0.479590, 1
0.968944, -0.217481, 0
-0.591012, -0.391889, 1
0.101452, -0.750440, 1
-0.362756, -0.513762, 1
-0.235866, 0.623491, 0
0.403895, -0.904989, 0
0.039551, 0.867385, 0
0.467982, -0.317274, 0
0.107245, -0.286020, 1
0.275268, -0.637820, 1
-0.488003, 0.800345, 1
0.365588, 0.429482, 1
0.473984, -0.328458, 0
0.277573, -0.146570, 1
0.475482, -0.024250, 1
0.506667, -0.091681, 0
0.641379, 0.559227, 1
-0.200495, -0.453353, 0
-0.711949, 0.464236, 0
-0.879606, -0.122841, 0
-0.096662, 0.525913, 1
-0.656227, 0.012687, 1
0.181029, 0.822011, 0
0.366510, 0.452004, 0
-0.788922, -0.344050, 0
-0.139130, 0.212149, 0
0.719086, -0.194356, 1
-0.704520, 0.032144, 1
-0.116228, 0.920951, 1
-0.221339, 0.438783, 1
0.166598, 0.210491, 0
0.066476, 0.099754, 0
-0.949305, -0.166348, 0
0.312606, 0.172747, 1
-0.587293, -0.247656, 1
0.276229, -0.157187, 1
-0.837588, -0.282236, 0
-0.235043, 0.490586, 1
0.240831, 0.642999, 0
0.369209, 0.195479, 1
-0.309996, -0.930732, 0
-0.314664, -0.442635, 0
0.598543, -0.667547, 1
0.705256, 0.392166, 1
-0.514710, 0.564986, 0
0.455427, -0.181724, 0
0.022034, 0.227601, 0
-0.821574, 0.270837, 0
0.552567, -0.141134, 0
-0.183173, 0.399697, 1
0.187962, 0.017853, 0
-0.413851, -0.590656, 1
0.215963, -0.719376, 1
0.560278, -0.612670, 1
-0.118314, -0.727115, 1
0.507943, -0.236829, 0
0.605703, -0.748492, 0
0.311353, 0.237239, 1
0.448677, 0.041904, 1
0.646722, -0.098622, 0
0.808227, -0.309231, 1
-0.158899, 0.720265, 0
0.455650, -0.341848, 0
-0.164258, -0.023803, 1
-0.545883, 0.224983, 1
0.059547, 0.229396, 0
0.894343, 0.084208, 1
0.601317, -0.180076, 0
0.228232, 0.169670, 0
0.939325, -0.071850, 1
-0.197842, 0.614479, 1
-0.155829, 0.717987, 0
0.556527, 0.274645, 0
0.337670, 0.504973, 0
-0.324796, -0.939724, 0
-0.024312, -0.697568, 1
-0.322206, 0.407304, 1
0.117124, -0.818219, 1
-0.071987, -0.293462, 1
-0.049767, 0.918332, 1
0.263771, 0.203458, 1
0.030795, 0.399845, 1
0.273825, -0.230323, 1
0.114284, -0.124653, 0
0.558135, 0.494990, 0
0.348804, -0.099302, 1
-0.743862, -0.441807, 0
0.091391, -0.702225, 1
-0.008624, -0.323258, 1
-0.276118, 0.887566, 1
-0.457115, -0.074676, 0
-0.227037, 0.481983, 1
0.676841, 0.321175, 0
0.592266, -0.545002, 1
0.233131, 0.886387, 1
0.577440, -0.685220, 1
0.637746, 0.141850, 0
0.026135, 0.700261, 0
-0.648594, 0.439588, 0
0.092704, -0.411841, 0
-0.096943, -0.097652, 1
-0.479494, -0.353193, 1
0.480644, 0.873635, 1
0.206058, 0.594916, 0
0.210324, -0.427967, 0
0.713340, -0.191708, 1
0.002444, -0.170688, 1
-0.354005, -0.078986, 0
-0.326389, 0.234504, 0
-0.790226, -0.067513, 0
0.794600, 0.323088, 1
-0.330714, -0.790740, 0
0.955886, -0.080340, 1
0.431631, -0.535293, 1
-0.682644, -0.553355, 0
-0.825271, 0.127025, 0
0.568186, -0.799224, 0
-0.878111, 0.461373, 1
-0.324552, 0.225593, 0
0.726500, 0.270945, 0
0.515085, -0.656401, 1
0.247761, 0.907225, 1
0.097351, -0.120032, 0
-0.217892, -0.928572, 0
-0.775532, 0.269300, 0
0.414173, 0.140272, 1
0.456272, -0.301328, 0
-0.534635, 0.499494, 0
-0.517585, -0.173316, 1
-0.323036, 0.795567, 0
0.027066, 0.777923, 0
0.048375, -0.301709, 1
-0.400928, 0.201750, 0
0.346352, 0.578041, 0
-0.763791, 0.295141, 0
-0.176195, -0.202287, 1
-0.589434, 0.327223, 1
-0.667733, -0.452172, 0
0.523507, -0.278172, 0
-0.219761, 0.964596, 1
-0.147619, -0.382491, 0
0.311136, 0.250815, 1
-0.009630, 0.841462, 0
0.799800, -0.180462, 1
-0.181865, 0.927395, 1
0.178659, -0.081648, 0
-0.981178, -0.171723, 0
-0.776842, -0.215387, 0
-0.556362, -0.113845, 1
0.908699, -0.008097, 1
0.776998, 0.400360, 1
-0.462498, -0.786615, 0
0.006514, 0.419685, 1
-0.757767, 0.522759, 0
0.139765, -0.756921, 1
0.337435, -0.188113, 1
0.535739, 0.639774, 1
-0.348218, -0.147367, 0
0.412036, 0.010805, 1
-0.880358, 0.421956, 1
0.862571, -0.271577, 1
0.245046, -0.618622, 1
-0.208339, 0.864443, 0
-0.949343, -0.164781, 0
-0.310833, 0.741102, 0
-0.489202, 0.861502, 1
-0.153306, 0.966092, 1
-0.430858, 0.391563, 1
-0.262747, 0.096512, 0
-0.252187, -0.498071, 0
0.541041, -0.211948, 0
-0.021007, 0.330869, 0
0.806392, 0.083505, 1
-0.266244, -0.087211, 0
-0.618398, 0.074430, 1
-0.154501, -0.414467, 0
0.962390, 0.145717, 1
-0.069285, -0.988658, 0
-0.614357, -0.039394, 1
-0.447360, -0.876765, 0
0.047823, 0.386489, 1
-0.867343, 0.303475, 0
0.651339, -0.568972, 1
-0.642572, 0.650013, 0
-0.863497, -0.195607, 0
0.745248, -0.067820, 1
-0.431902, -0.794996, 0
-0.497614, -0.562617, 1
0.146352, 0.116744, 0
0.928167, 0.151535, 1
-0.256697, 0.229362, 0
0.400456, 0.414879, 0
0.320248, -0.781747, 1
0.376526, -0.360883, 0
0.861002, 0.271816, 1
0.622107, -0.778315, 0
-0.777196, -0.330737, 0
-0.174891, 0.383363, 1
-0.271887, 0.372458, 1
-0.267548, -0.286472, 0
0.761267, -0.115095, 1
0.021886, -0.906447, 0
-0.612855, -0.081777, 1
-0.554844, -0.110386, 1
-0.552812, -0.145693, 1
0.533418, 0.307890, 0
0.043524, -0.535894, 0
0.262664, 0.073511, 1
0.289527, 0.803411, 1
-0.373334, 0.894041, 1
0.383029, 0.576984, 0
-0.200429, -0.503244, 0
-0.123399, 0.880439, 1
-0.133934, -0.302111, 1
-0.940349, 0.073530, 0
0.497383, -0.065203, 0
0.282857, -0.020663, 1
0.341621, 0.386877, 1
0.411702, -0.711264, 1
-0.401120, 0.747904, 0
-0.206019, -0.601417, 1
-0.025980, -0.996549, 0
0.254582, -0.777019, 1
-0.649322, -0.330289, 1
-0.660030, 0.126451, 1
-0.500058, 0.404513, 1
0.631429, -0.717778, 0
-0.563169, -0.311868, 1
-0.874075, 0.329703, 0
0.007763, -0.406588, 0
-0.668417, -0.191512, 1
0.420511, 0.196038, 1
-0.149335, 0.775101, 0
-0.091621, -0.039454, 1
-0.533347, -0.622865, 0
0.470389, -0.875187, 0
-0.570095, -0.617340, 0
-0.207920, 0.175482, 0
-0.905028, 0.174706, 0
-0.013198, -0.445674, 0
0.679039, 0.545342, 1
0.159949, 0.420849, 1
0.429723, -0.285147, 0
-0.017593, -0.371293, 0
-0.391076, -0.418312, 1
-0.525949, 0.452726, 0
0.128278, 0.407691, 1
-0.057933, 0.889651, 1
-0.996428, 0.065854, 1
-0.083621, -0.400290, 0
0.262894, 0.112632, 1
0.037728, -0.180672, 1
-0.142091, 0.401738, 1
0.484491, 0.749615, 1
0.815790, -0.519027, 0
0.478350, -0.447444, 0
-0.920308, 0.071980, 0
0.326238, 0.660663, 0
-0.141864, 0.095473, 1
-0.147467, 0.948626, 1
-0.265830, 0.324126, 0
-0.585275, 0.351980, 1
-0.226180, -0.472782, 0
0.391274, 0.666618, 0
0.279677, -0.872246, 0
-0.315411, -0.491862, 1
0.136104, 0.634128, 0
0.853667, -0.073646, 1
-0.361872, 0.875130, 1
0.208206, 0.893990, 1
0.713288, 0.521273, 1
-0.043081, 0.551940, 1
0.011470, 0.228251, 0
0.277251, -0.682514, 1
-0.599436, 0.144981, 1
0.113020, 0.410592, 1
0.717863, 0.268447, 0
0.380883, -0.174372, 1
0.803463, -0.463921, 1
0.309810, -0.211699, 1
-0.403713, -0.892266, 0
-0.352808, -0.707543, 1
-0.608771, -0.644613, 0
-0.584767, -0.153237, 1
0.247793, 0.559275, 0
0.621412, 0.703598, 1
-0.657333, 0.598413, 0
0.438732, 0.079955, 1
0.259424, 0.079824, 0
0.740723, -0.515314, 1
-0.443689, 0.405292, 1
0.635504, -0.001186, 0
-0.231087, 0.658552, 0
0.325052, 0.638171, 0
0.697409, 0.213839, 0
0.285322, 0.713842, 0
-0.414174, 0.553679, 0
0.034142, -0.113811, 0
0.573563, 0.527396, 0
0.145176, -0.150211, 1
0.050561, -0.117488, 0
0.257643, -0.563021, 0
0.138361, 0.884654, 1
-0.814962, -0.374422, 0
-0.127653, -0.430128, 0
-0.911576, 0.066537, 0
-0.021728, -0.909549, 0
0.215809, 0.300332, 1
0.721253, 0.255688, 0
-0.262112, 0.752520, 0
0.002158, 0.237592, 0
0.784990, -0.559008, 0
0.084183, 0.633767, 0
0.576149, 0.138077, 0
-0.385096, 0.154009, 0
-0.307239, 0.781761, 0
0.941193, 0.107309, 1
0.451141, -0.327054, 0
0.472317, -0.461129, 0
-0.111140, 0.047126, 1
0.248523, 0.740181, 0
-0.680642, 0.188027, 1
0.680502, -0.088946, 0
-0.807907, -0.165236, 0
-0.429668, -0.694112, 1
-0.466835, 0.685672, 0
0.608165, -0.636969, 1
0.177320, 0.065225, 0
0.309542, 0.146398, 1
0.291104, -0.559786, 0
-0.842945, 0.448061, 0
0.751620, 0.284214, 1
-0.665137, 0.230026, 1
-0.379675, 0.292740, 1
0.491949, -0.139422, 0
-0.494759, -0.576945, 1
-0.519448, -0.104839, 1
-0.975572, 0.011178, 0
0.340497, 0.786377, 1
0.904095, -0.316975, 1
-0.170720, 0.416159, 1
0.780712, 0.463358, 1
0.303220, -0.838020, 1
-0.547712, -0.191592, 1
0.156081, 0.826440, 0
-0.421131, -0.582672, 1
0.665032, 0.698955, 1
-0.921133, -0.097683, 0
0.470647, 0.000243, 1
0.081568, -0.413406, 0
0.621270, 0.697629, 1
-0.554790, -0.115936, 1
-0.337910, 0.162300, 0
0.072702, -0.015452, 0
-0.817288, 0.499569, 1
-0.632511, 0.347759, 0
-0.193564, 0.644272, 0
-0.796897, -0.202829, 0
-0.531575, -0.053895, 1
0.050925, 0.571811, 1
0.050908, 0.962612, 1
-0.596844, 0.286436, 1
-0.677756, -0.567145, 0
-0.518704, 0.118203, 1
0.676854, -0.024128, 0
0.806158, -0.198017, 1
-0.337949, -0.341199, 0
-0.225430, -0.708284, 1
0.738012, 0.435164, 1
-0.695663, 0.252305, 0
-0.285282, 0.806891, 0
-0.106489, 0.343955, 0
0.383228, -0.134898, 1
-0.017365, 0.053951, 1
-0.118143, -0.303855, 1
-0.478345, 0.593203, 0
-0.077388, -0.760171, 1
-0.294644, 0.786760, 0
0.503910, -0.635065, 1
0.801478, -0.170110, 1
0.532149, -0.709551, 1
-0.593029, 0.460640, 0
-0.198038, -0.733355, 1
-0.140400, 0.285206, 0
-0.163334, 0.465171, 1
0.362540, 0.898185, 1
0.022357, 0.526799, 1
-0.254163, -0.244620, 0
0.175291, -0.506955, 0
0.524161, -0.551227, 1
0.417208, 0.779372, 1
-0.832400, 0.273870, 0
-0.756722, 0.290192, 0
0.003545, 0.601844, 1
0.636851, 0.390129, 0
0.744906, 0.321375, 1
-0.704211, 0.130890, 1
-0.307712, 0.950961, 1
0.231788, -0.907223, 0
-0.279369, -0.471163, 0
-0.899953, -0.166794, 0
-0.597752, -0.369587, 1
0.132570, 0.213707, 0
-0.925315, 0.203116, 0
-0.549816, 0.618718, 0
0.097002, 0.984849, 1
-0.612289, 0.414556, 0
-0.057432, -0.979792, 0
-0.271213, 0.092156, 0
0.232593, -0.335870, 1
0.441164, 0.766293, 1
-0.187931, -0.568929, 0
0.424250, 0.284765, 1
0.071032, -0.046821, 0
0.141863, -0.697728, 1
0.590224, 0.516895, 0
-0.321782, -0.865869, 0
-0.564197, -0.600166, 0
0.488326, -0.651596, 1
0.558850, -0.062092, 0
-0.327063, -0.920307, 0
-0.697471, 0.171420, 1
0.546130, 0.582266, 0
-0.246294, -0.357179, 0
-0.794282, -0.309085, 0
0.671688, -0.371116, 1
-0.108564, -0.530394, 0
0.475174, 0.006993, 1
-0.923312, 0.301631, 0
-0.074723, 0.225075, 0
-0.412826, 0.080954, 0
-0.000676, 0.707909, 0
-0.700933, 0.080031, 1
0.371695, 0.691919, 0
-0.031938, -0.792900, 1
0.699677, -0.386255, 1
-0.974315, 0.096902, 0
0.927695, -0.260245, 1
-0.380918, -0.626726, 1
-0.613791, 0.693208, 0
-0.317185, 0.075042, 0
-0.461727, 0.696150, 0
0.768869, 0.056322, 1
-0.432119, 0.644816, 0
-0.210645, -0.557706, 0
-0.505155, -0.574288, 1
-0.895392, -0.256420, 0
-0.032692, 0.714378, 0
-0.574642, -0.469514, 1
0.022963, 0.493708, 1
-0.704694, -0.134575, 1
0.056069, -0.178020, 1
-0.093518, -0.550147, 0
0.080101, -0.540561, 0
-0.231343, 0.966772, 1
-0.510859, 0.359328, 1
-0.575039, -0.622384, 0
-0.595595, -0.690682, 0
0.504116, 0.230789, 0
0.511816, -0.732024, 1
0.356911, -0.593069, 1
0.374460, -0.694861, 1
0.178743, -0.506556, 0
-0.481398, -0.816834, 0
0.615199, -0.740965, 0
-0.721486, 0.197308, 0
-0.465699, -0.119218, 0
0.234638, -0.851284, 1
0.038887, -0.495241, 0
-0.203047, 0.155903, 0
0.093642, -0.308410, 1
-0.302961, -0.122275, 0
0.039336, -0.642791, 1
-0.301449, -0.426526, 0
0.810791, 0.481008, 1
-0.390031, -0.581269, 1
0.945597, 0.010585, 1
0.780044, 0.283227, 1
0.118998, 0.469895, 1
-0.291808, -0.486019, 0
0.634724, 0.475750, 0
0.887315, 0.060684, 1
-0.180291, -0.118392, 1
0.432550, -0.037108, 1
0.352456, 0.630485, 0
0.248298, -0.179382, 1
0.378687, -0.217299, 1
0.029464, 0.249852, 0
0.080407, 0.146384, 0
-0.261381, 0.046056, 0
-0.349870, 0.202242, 0
0.041647, -0.909387, 0
-0.713200, 0.553040, 0
-0.017235, 0.654681, 0
-0.792636, -0.360600, 0
-0.667755, 0.524218, 0
-0.857057, 0.158837, 0
0.423946, 0.850944, 1
-0.475286, 0.248937, 1
0.338564, -0.576022, 1
-0.172027, 0.782433, 0
-0.728462, 0.647034, 1
-0.557324, 0.058777, 1
0.482920, 0.782630, 1
-0.001585, -0.829595, 1
-0.227742, -0.375119, 0
-0.011113, 0.531724, 1
0.123331, -0.564364, 0
-0.766432, -0.640989, 0
-0.486341, -0.225003, 1
0.946623, 0.251549, 1
-0.271185, -0.529411, 1
0.259698, -0.248985, 1
0.573446, 0.556057, 0
-0.101969, -0.934735, 0
0.094045, 0.003710, 0
0.063557, -0.082438, 0
0.333084, 0.382772, 1
-0.861011, -0.034065, 0
0.344028, 0.236409, 1
-0.675313, 0.689599, 1
0.985699, 0.048532, 1
0.482861, 0.557339, 0
0.768034, -0.159238, 1
-0.450621, -0.272022, 0
0.556336, 0.298301, 0
0.440826, -0.047827, 1
0.015447, -0.534071, 0
-0.022297, 0.414059, 1
-0.685835, 0.503034, 0
-0.726333, -0.158486, 1
0.219800, 0.583321, 0
-0.305661, 0.245467, 0
-0.299957, 0.553871, 1
0.363160, -0.239659, 1
-0.598980, -0.639933, 0
-0.428735, 0.239200, 1
-0.550584, 0.434442, 0
-0.154324, 0.635064, 0
0.537860, 0.242162, 0
-0.084848, 0.430766, 1
-0.349713, 0.507986, 1
0.542826, 0.466240, 0
0.415401, 0.271246, 1
-0.791559, 0.553204, 1
-0.179424, -0.764934, 1
-0.454481, -0.030673, 0
0.321082, -0.165432, 1
-0.180856, -0.846133, 0
-0.122566, 0.795069, 0
0.903435, -0.366757, 0
-0.215150, -0.480052, 0
0.597876, -0.313365, 0
-0.403940, -0.170142, 0
0.971065, 0.052251, 1
0.258644, 0.592175, 0
0.188752, 0.741300, 0
0.639706, -0.659227, 1
0.615592, 0.447826, 0
0.852442, -0.061076, 1
-0.042015, 0.541597, 1
0.288153, -0.064417, 1
0.553068, -0.130125, 0
0.493178, -0.515206, 1
0.944164, 0.242397, 1
0.384751, 0.703364, 0
0.523754, -0.152772, 0
-0.539970, 0.297314, 1
-0.902771, -0.200909, 0
-0.053236, 0.795312, 0
0.759978, -0.042834, 1
0.300695, -0.371173, 0
0.185479, 0.004267, 0
0.015695, 0.075809, 1
0.840977, -0.060913, 1
-0.488038, -0.097286, 0
-0.712829, 0.232608, 0
0.433069, 0.116156, 1
0.556546, -0.823673, 0
0.576402, -0.510737, 1
-0.447174, -0.407306, 1
-0.090646, -0.158630, 1
-0.481864, 0.422830, 1
-0.805498, 0.312276, 0
0.626325, 0.729968, 1
0.527740, -0.442960, 0
0.278796, 0.492830, 1
0.014685, -0.377394, 1
-0.028500, 0.785799, 0
0.272185, 0.769579, 0
-0.157188, 0.725397, 0
0.915434, -0.214020, 1
-0.598569, -0.141293, 1
-0.041508, 0.366369, 0
-0.152959, -0.979094, 0
0.739720, -0.126262, 1
-0.440037, -0.528069, 1
-0.459444, 0.584446, 0
-0.229280, 0.296079, 0
0.105694, 0.166199, 0
-0.086886, -0.331732, 1
-0.483930, 0.331725, 1
0.846567, -0.016549, 1
0.058220, 0.488966, 1
0.567461, 0.165849, 0
0.304082, 0.656645, 0
0.621169, -0.742539, 0
-0.289165, 0.925263, 1
0.167228, -0.657857, 1
0.838642, 0.189655, 1
-0.057651, -0.269143, 1
-0.034026, 0.733778, 0
-0.842119, 0.051998, 0
-0.528042, 0.438157, 1
0.133598, -0.128797, 0
0.827763, 0.055959, 1
-0.756283, -0.454492, 0
0.524355, -0.706740, 1
0.563464, 0.141577, 0
-0.570993, 0.116937, 1
-0.916188, 0.178373, 0
0.794241, -0.117882, 1
-0.395791, -0.340480, 0
0.518045, -0.802844, 0
-0.471576, 0.703881, 0
0.046179, 0.177091, 0
-0.432911, 0.052569, 0
0.561219, 0.234143, 0
0.696902, 0.299362, 0
0.239658, 0.567240, 0
0.594471, -0.641315, 1
0.376784, 0.282971, 1
0.798937, 0.278576, 1
-0.028752, 0.307274, 0
0.363474, 0.558355, 0
0.204918, 0.511083, 1
0.145868, -0.268895, 1
0.960363, 0.173180, 1
0.174835, -0.550634, 0
-0.373277, -0.487255, 1
0.659215, 0.337636, 0
0.019395, 0.217579, 0
0.730892, -0.043478, 0
0.887490, 0.208836, 1
-0.925725, -0.359951, 0
-0.693556, -0.370078, 1
0.397962, -0.074735, 1
-0.037273, 0.971177, 1
-0.213596, 0.653823, 0
-0.806383, 0.438135, 0
-0.555487, -0.771350, 0
0.191875, -0.347022, 1
0.518975, -0.150120, 0
-0.614727, 0.444259, 0
-0.328368, -0.022661, 0
0.185247, -0.472921, 0
-0.722643, 0.168975, 0
0.242061, 0.728276, 0
-0.785683, 0.058947, 0
0.491206, -0.135918, 0
-0.703483, -0.652591, 0
-0.081446, -0.526447, 0
-0.033339, -0.565220, 0
-0.704304, -0.084543, 1
0.102937, -0.176221, 1
-0.250603, 0.342909, 0
0.419906, 0.781679, 1
0.305134, 0.567476, 0
-0.117045, -0.600084, 1
0.293098, -0.905397, 0
-0.662578, -0.554957, 0
0.607881, 0.519611, 0
-0.425360, 0.780860, 0
-0.714712, 0.070839, 1
-0.344401, 0.061216, 0
0.788424, -0.152512, 1
-0.611500, -0.046512, 1
-0.470566, 0.840386, 1
0.246969, 0.809808, 0
0.869593, 0.325141, 1
0.632119, 0.381152, 0
0.558622, -0.822305, 0
-0.054572, 0.474128, 1
0.114083, 0.348770, 1
-0.820642, 0.026723, 0
-0.395200, 0.305956, 1
0.089701, 0.117511, 0
0.409780, 0.252291, 1
-0.266501, -0.069631, 0
-0.742354, 0.331575, 0
0.250661, 0.287205, 1
-0.194914, 0.354851, 0
-0.243998, 0.286262, 0
-0.519775, 0.129422, 1
-0.421785, -0.699264, 1
-0.274137, 0.436636, 1
-0.805828, -0.589939, 0
-0.327947, 0.025825, 0
0.666579, 0.626406, 1
0.427025, 0.813414, 1
-0.840693, -0.456318, 0
0.716240, -0.272522, 1
0.128448, -0.729264, 1
0.758153, -0.421899, 1
0.302670, -0.661044, 1
-0.539779, 0.223446, 1
-0.267148, 0.840610, 0
0.834998, 0.012267, 1
0.673571, 0.346354, 0
-0.765474, 0.461297, 0
-0.526737, -0.652032, 0
0.529024, -0.674339, 1
-0.352963, 0.724428, 0
0.879371, 0.386221, 1
0.533345, -0.533229, 1
0.125926, -0.803640, 1
0.254904, -0.407652, 0
0.023575, -0.682422, 1
0.557139, -0.749830, 0
-0.639931, 0.639540, 0
0.782029, 0.477832, 1
0.730857, 0.464359, 1
-0.695049, 0.468237, 0
0.002323, 0.078375, 1
-0.216969, 0.079979, 0
0.654882, -0.216020, 0
0.475679, 0.846286, 1
-0.640706, -0.730748, 0
-0.773710, 0.473733, 0
-0.073034, -0.369713, 0
0.016212, 0.056476, 1
0.100886, 0.468382, 1
-0.036755, -0.105500, 1
-0.459441, 0.761013, 0
-0.058673, -0.936088, 0
-0.446612, -0.849067, 0
0.532856, -0.673878, 1
-0.658901, 0.190974, 1
-0.781809, 0.526448, 0
-0.337102, 0.048357, 0
-0.119816, -0.643003, 1
0.128453, -0.663450, 1
0.230477, -0.555057, 0
0.113175, -0.964740, 0
-0.489791, 0.086023, 1
0.380699, -0.629014, 1
0.349857, -0.061594, 1
0.542414, -0.222360, 0
-0.509102, 0.849918, 1
-0.825715, -0.141787, 0
-0.468528, -0.099673, 0
0.174689, 0.626302, 0
0.829211, -0.454264, 1
-0.132164, 0.263498, 0
0.241464, 0.340714, 1
0.230459, 0.380795, 1
-0.246518, -0.149050, 1
-0.398829, 0.294353, 1
0.680161, -0.438498, 1
-0.440073, 0.303259, 1
-0.816913, 0.442382, 0
-0.808748, 0.007319, 0
0.439459, 0.375319, 0
-0.572012, 0.702001, 0
0.887315, 0.100940, 1
-0.099422, -0.977654, 0
0.326907, -0.608596, 1
-0.533499, -0.066414, 1
-0.309053, 0.909898, 1
0.207939, 0.014507, 0
0.646028, 0.335500, 0
0.510901, 0.673482, 1
-0.610581, 0.320197, 1
-0.296982, 0.102322, 0
0.417197, 0.501009, 0
0.724976, 0.280959, 0
0.285712, -0.248562, 1
-0.287585, 0.739056, 0
0.498585, 0.538962, 0
-0.051824, 0.341825, 0
0.754027, -0.576959, 0
-0.458369, -0.768729, 0
0.636185, 0.344737, 0
0.360619, -0.402981, 0
0.049887, -0.735923, 1
-0.897602, 0.122552, 0
-0.437587, -0.246224, 0
0.014180, 0.555108, 1
0.185947, -0.668771, 1
0.386417, 0.271255, 1
0.299292, -0.254659, 1
0.731991, -0.596326, 1
-0.196989, -0.241728, 1
0.607158, 0.395500, 0
0.295982, 0.074339, 1
0.301867, 0.254302, 1
-0.592321, -0.648513, 0
-0.384825, -0.239655, 0
0.467121, -0.790192, 0
0.119220, 0.992461, 1
0.146621, -0.222495, 1
-0.610828, 0.740444, 1
0.793630, -0.279762, 1
0.144206, 0.890317, 1
-0.290945, 0.057658, 0
0.325137, 0.815667, 1
0.002115, 0.488379, 1
-0.577340, -0.582541, 0
0.139911, -0.380126, 0
-0.519963, 0.745512, 0
0.789596, -0.018656, 1
-0.781945, -0.392436, 0
-0.825126, 0.238365, 0
0.779472, 0.125724, 1
0.793199, -0.138905, 1
0.707697, 0.188341, 0
0.828895, -0.226092, 1
-0.553054, 0.633588, 0
-0.290176, 0.706647, 0
-0.629947, 0.396254, 0
0.313663, 0.202992, 1
-0.056497, -0.918487, 0
0.312663, 0.178136, 1
-0.812219, 0.245327, 0
0.069046, -0.899827, 0
-0.830228, 0.190046, 0
-0.620883, 0.010182, 1
-0.108544, 0.558662, 1
0.489878, 0.205778, 1
-0.021441, -0.603522, 0
-0.483101, -0.567085, 1
0.013351, -0.396243, 0
-0.008820, 0.531022, 1
-0.223335, -0.141481, 1
-0.377606, -0.745723, 1
0.461843, -0.350434, 0
-0.600527, 0.588682, 0
0.504505, -0.622577, 1
0.784128, -0.398449, 1
0.164811, -0.563489, 0
-0.402992, -0.829648, 0
-0.020581, -0.881522, 0
-0.544869, 0.038295, 1
0.087948, 0.167415, 0
-0.496550, 0.213172, 1
0.462705, 0.288422, 0
-0.509051, -0.686112, 0
0.323240, -0.454327, 0
-0.191748, 0.047291, 1
-0.949037, 0.251472, 1
0.164340, -0.139783, 1
0.578945, 0.011404, 0
0.486494, 0.440780, 0
0.299315, 0.400697, 1
0.852206, -0.045456, 1
-0.338371, -0.267616, 0
0.119347, -0.886865, 0
0.049366, 0.903044, 1
0.718306, -0.063133, 0
-0.208853, -0.872020, 0
-0.610478, 0.281947, 1
0.061174, 0.095760, 0
0.046288, 0.000243, 0
-0.025198, 0.295053, 0
-0.174921, -0.591024, 1
0.803815, 0.251627, 1
0.710680, -0.103351, 0
-0.402004, 0.216152, 0
0.414416, 0.422778, 0
-0.560733, -0.601997, 0
0.596386, -0.712929, 1
0.332876, 0.405418, 1
-0.001042, -0.441813, 0
0.000681, 0.936287, 1
0.978384, -0.127999, 1
0.232767, -0.354632, 0
0.248828, 0.107867, 0
0.251791, 0.892862, 1
-0.597856, 0.294339, 1
-0.705719, -0.212504, 1
0.005306, 0.725968, 0
-0.425065, 0.177991, 0
-0.599219, 0.693314, 0
-0.374562, -0.601433, 1
-0.443394, -0.238849, 0
0.892128, 0.397182, 1
0.395965, 0.497821, 0
-0.124154, -0.637064, 1
-0.279470, -0.933686, 0
0.289107, -0.377799, 0
0.376195, -0.437110, 0
-0.455464, 0.864174, 1
-0.464379, 0.565312, 0
0.069028, -0.793061, 1
-0.273972, -0.507989, 0
-0.793276, -0.538425, 0
-0.068135, 0.134843, 1
0.139093, -0.449476, 0
-0.001321, -0.553630, 0
0.444480, -0.560339, 1
-0.317602, 0.069085, 0
-0.382818, 0.537007, 1
-0.738611, 0.126840, 0
-0.667138, 0.041696, 1
0.581347, 0.136378, 0
0.125641, 0.575032, 1
-0.348747, 0.385063, 1
-0.385903, -0.609976, 1
0.524660, -0.363502, 0
-0.087116, -0.022940, 1
0.424896, 0.219520, 1
0.670069, -0.557227, 1
-0.190392, -0.238922, 1
-0.494411, 0.738220, 0
-0.285896, 0.879184, 1
0.802924, 0.114400, 1
-0.278688, 0.491760, 1
-0.066346, -0.596338, 0
0.333817, 0.347079, 1
-0.355558, 0.348893, 1
-0.375717, -0.506333, 1
0.663153, 0.243052, 0
0.487035, -0.770645, 1
-0.527953, -0.786656, 0
-0.452080, 0.878938, 1
-0.691331, -0.100991, 1
-0.197241, 0.271500, 0
-0.727054, 0.036948, 1
-0.143435, -0.972596, 0
0.493626, 0.650002, 0
0.329579, 0.160793, 1
0.082756, 0.469042, 1
-0.388073, -0.507913, 1
-0.203329, -0.795140, 1
0.396561, -0.505053, 0
0.149985, 0.917858, 1
0.541001, 0.772549, 1
0.595097, 0.228107, 0
0.190191, 0.003181, 0
0.960738, -0.263522, 0
0.387727, 0.168654, 1
0.568684, -0.130550, 0
-0.449088, -0.561529, 1
0.373055, 0.442693, 0
0.767564, 0.296755, 1
0.955145, 0.153737, 1
0.012862, -0.776590, 1
-0.673804, 0.547640, 0
-0.067422, 0.743377, 0
0.104827, 0.761754, 0
-0.581923, -0.416660, 1
-0.354642, 0.837033, 1
0.606029, -0.100025, 0
-0.540442, 0.615643, 0
0.744830, -0.389318, 1
0.328089, -0.113806, 1
-0.330045, -0.555289, 1
-0.273447, -0.286650, 0
0.767641, 0.322028, 1
-0.052368, -0.827437, 1
-0.849942, 0.055336, 0
0.377651, -0.438646, 0
-0.811410, -0.544297, 0
-0.474671, 0.563392, 0
0.666318, 0.497176, 1
0.438727, -0.746098, 1
-0.551606, -0.249689, 1
0.790204, -0.594836, 0
0.753177, 0.209405, 1
-0.204812, 0.413376, 1
0.478756, 0.021646, 1
-0.607351, -0.335525, 1
-0.783479, -0.019054, 0
-0.006196, -0.425523, 0
0.158651, -0.382496, 0
-0.441955, -0.644421, 1
-0.094711, 0.447686, 1
0.500684, -0.772712, 1
-0.883012, -0.161144, 0
-0.524555, -0.776058, 0
0.203108, 0.239624, 0
0.217226, 0.641882, 0
0.265299, -0.830442, 1
0.114637, -0.625413, 0
0.291478, -0.443787, 0
0.094747, 0.259358, 0
0.372823, -0.449377, 0
-0.313581, 0.462976, 1
-0.032263, -0.495622, 0
-0.753249, -0.571720, 0
-0.558479, 0.672681, 0
-0.269839, 0.857124, 0
-0.109200, -0.406429, 0
0.798872, 0.561555, 1
0.179747, -0.258380, 1
-0.212101, -0.955680, 0
0.202909, 0.516021, 1
-0.270159, 0.854980, 0
0.420479, 0.351254, 1
0.702696, -0.456082, 1
-0.622417, 0.509515, 0
-0.279782, 0.580768, 1
0.076759, 0.743103, 0
-0.220642, -0.779272, 1
-0.248768, 0.526211, 1
-0.893245, -0.005079, 0
-0.171500, 0.673932, 0
-0.648621, 0.044624, 1
0.378339, 0.505981, 0
-0.489382, 0.013858, 0
0.714695, -0.129183, 0
0.910187, 0.093532, 1
0.893452, -0.207119, 1
-0.375056, -0.137554, 0
0.643018, 0.402406, 0
0.296128, 0.372239, 1
0.206724, 0.674823, 0
0.876454, -0.025643, 1
-0.637544, -0.652899, 0
0.869223, -0.275283, 1
-0.144548, -0.511746, 0
0.282291, 0.509674, 1
0.644127, 0.362909, 0
0.419002, 0.549485, 0
-0.456408, -0.427502, 1
0.315250, -0.186197, 1
0.594370, 0.000085, 0
0.382838, -0.553619, 0
-0.266505, -0.776478, 1
0.230992, -0.333112, 1
0.528323, 0.695281, 1
-0.014793, -0.595266, 0
-0.498186, -0.481215, 1
-0.152788, -0.572123, 0
0.251120, 0.497436, 1
-0.013856, -0.393207, 0
-0.259606, -0.117282, 0
0.097933, -0.992098, 0
-0.027533, 0.562280, 1
-0.121584, 0.044525, 1
0.395613, -0.898152, 0
0.712502, -0.695585, 0
0.869960, 0.124001, 1
0.783669, -0.197155, 1
0.420031, -0.339371, 0
0.497858, 0.318170, 0
-0.832007, 0.134252, 0
-0.170285, 0.447872, 1
-0.634123, 0.238328, 1
0.495819, -0.297092, 0
-0.709376, -0.133448, 1
0.738440, 0.359733, 1
0.129750, -0.967967, 0
-0.503450, -0.545526, 1
-0.024885, -0.841031, 1
-0.352845, -0.376542, 0
-0.834638, 0.109297, 0
-0.119433, -0.624449, 1
-0.371770, 0.074846, 0
0.425251, -0.781250, 1
0.049777, -0.556560, 0
0.613388, -0.606793, 1
-0.520634, -0.359942, 1
0.299373, 0.186781, 1
-0.341546, -0.660367, 1
0.427964, -0.829213, 0
-0.362991, 0.026543, 0
-0.141904, 0.333396, 0
-0.175549, 0.621483, 1
0.756252, 0.218923, 1
0.581768, -0.224044, 0
-0.636418, -0.740951, 0
0.634316, -0.748628, 0
0.104589, 0.494118, 1
0.419913, -0.485819, 0
0.322639, 0.805390, 1
-0.623343, -0.430958, 1
0.167637, -0.411056, 0
-0.122597, 0.268947, 0
-0.380410, -0.254099, 0
0.193581, -0.879908, 0
-0.287325, -0.406753, 0
0.156176, -0.895632, 0
-0.166284, -0.268838, 1
0.108485, -0.927979, 0
0.107792, -0.526329, 0
0.318448, -0.654069, 1
0.489351, -0.362259, 0
0.859545, -0.156172, 1
0.354223, -0.623700, 1
0.402222, 0.148882, 1
0.363750, -0.230166, 1
0.087059, -0.751101, 1
0.175746, -0.574915, 0
-0.312009, 0.660558, 0
-0.775456, -0.411013, 0
-0.506573, 0.174813, 1
0.559840, -0.695237, 1
0.480554, 0.746511, 1
-0.263367, -0.557307, 1
-0.714622, -0.291376, 1
0.170279, -0.356272, 1
-0.855404, -0.446514, 0
0.500657, -0.551510, 1
0.535419, 0.283598, 0
0.410036, -0.740740, 1
-0.352732, -0.346217, 0
-0.744091, -0.582706, 0
-0.426516, 0.196230, 1
-0.176046, 0.118756, 0
0.097409, 0.512031, 1
-0.661850, -0.109967, 1
0.460302, 0.711468, 1
0.783222, -0.370878, 1
0.838217, -0.117677, 1
-0.033885, -0.210559, 1
0.347768, -0.918044, 0
0.357928, 0.521042, 0
0.928698, -0.288379, 1
0.451556, -0.547093, 1
0.038957, -0.991854, 0
0.919595, -0.082255, 1
0.032961, -0.648201, 1
0.570703, -0.206866, 0
-0.242354, -0.112312, 1
0.558085, 0.417627, 0
-0.122663, -0.394757, 0
0.295925, 0.699160, 0
0.389022, -0.032053, 1
-0.730189, -0.156471, 1
0.256052, -0.134734, 1
-0.406837, 0.201305, 0
0.265672, -0.443916, 0
0.955152, 0.280943, 1
-0.210553, -0.043153, 1
0.782009, -0.499808, 1
-0.355124, -0.137921, 0
0.513495, -0.118722, 0
0.216190, -0.066878, 1
-0.895729, 0.248020, 0
-0.510173, 0.855014, 1
-0.052351, -0.232340, 1
0.205927, 0.155699, 0
-0.230666, 0.384661, 1
-0.017417, 0.942260, 1
-0.338392, 0.312146, 1
0.545763, 0.670859, 1
-0.372342, -0.685288, 1
0.190522, 0.389222, 1
-0.148149, 0.803660, 0
0.537142, 0.507685, 0
-0.751585, 0.062755, 0
0.197348, 0.463279, 1
-0.542456, 0.789154, 1
0.268463, -0.522604, 0
-0.522786, -0.829850, 0
-0.292193, 0.078904, 0
0.419632, 0.851439, 1
-0.406112, -0.090161, 0
0.258983, 0.748844, 0
0.267024, 0.330569, 1
-0.247537, 0.922623, 1
0.177461, 0.533626, 1
-0.470459, 0.719642, 0
0.184327, -0.397879, 0
0.777521, 0.582094, 1
0.214413, 0.797638, 0
0.150343, -0.519289, 0
0.620902, 0.635684, 1
-0.558303, 0.651627, 0
0.710064, -0.178857, 1
0.378402, -0.462140, 0
-0.393255, -0.062732, 0
0.817342, 0.460283, 1
0.781439, -0.301355, 1
-0.386288, 0.791336, 0
-0.397617, 0.893422, 1
0.458793, -0.585430, 1
-0.420354, 0.224415, 1
-0.041234, 0.657214, 0
-0.615939, 0.407245, 0
-0.399124, 0.432935, 1
0.036281, 0.861810, 0
-0.324174, 0.320624, 1
0.959327, 0.103151, 1
0.643888, 0.274182, 0
0.221350, 0.042173, 0
-0.396497, -0.882456, 0
-0.049926, -0.573191, 0
0.527180, 0.435364, 0
0.334457, 0.725405, 0
-0.042190, -0.774188, 1
-0.372114, 0.523759, 1
-0.153360, -0.632394, 1
0.134476, -0.984192, 0
-0.046996, 0.151271, 0
0.101701, 0.480651, 1
0.052597, 0.578854, 1
0.041326, 0.737283, 0
-0.279762, 0.327756, 0
-0.124982, -0.438056, 0
0.815976, 0.227954, 1
0.938798, -0.040868, 1
-0.976964, -0.038857, 0
0.484237, 0.010641, 1
-0.376223, -0.537403, 1
0.123656, -0.620153, 0
-0.270821, 0.657404, 0
-0.681328, -0.333647, 1
-0.188910, -0.128299, 1
0.192336, 0.221839, 0
-0.311199, 0.602249, 0
-0.757839, 0.230719, 0
0.406997, 0.802909, 1
0.434148, 0.624319, 0
-0.655642, 0.306403, 0
0.811502, 0.394902, 1
-0.456965, 0.531259, 0
0.603821, -0.402711, 1
0.389956, 0.133895, 1
0.006032, 0.542983, 1
-0.310753, 0.198411, 0
0.599441, 0.562516, 1
-0.834361, 0.017093, 0
0.722034, 0.253227, 0
0.212925, 0.568183, 0
-0.839413, -0.311187, 0
-0.698713, 0.591033, 0
-0.570190, -0.544920, 1
-0.157006, 0.492261, 1
0.062286, 0.648124, 0
0.372219, -0.567673, 1
-0.429832, -0.001376, 0
0.299731, -0.366140, 0
-0.569813, -0.693343, 0
0.375328, 0.408901, 1
-0.949270, 0.262848, 1
-0.398631, 0.009011, 0
-0.664479, 0.451246, 0
-0.426762, -0.730701, 0
-0.609609, -0.768448, 0
-0.833004, -0.454720, 0
0.348026, -0.897416, 0
-0.426896, -0.219824, 0
-0.261136, -0.044523, 0
0.357400, 0.569464, 0
0.214405, 0.228856, 0
0.711925, -0.628065, 0
-0.070636, -0.717100, 1
-0.785818, 0.551633, 1
0.442885, 0.576521, 0
-0.024578, -0.696609, 1
-0.105241, 0.825266, 0
-0.471048, 0.077392, 0
0.493803, -0.778536, 0
-0.170967, -0.181386, 1
-0.347323, 0.664423, 0
0.280086, -0.140642, 1
0.912747, -0.154665, 1
0.772342, -0.628412, 0
0.054425, -0.115077, 0
-0.830448, 0.156527, 0
-0.445668, 0.752503, 0
-0.519378, -0.154400, 1
-0.549433, 0.519139, 0
0.378724, 0.432083, 0
0.630283, 0.098875, 0
0.278839, -0.733954, 1
0.876100, -0.283730, 1
0.804090, 0.252461, 1
-0.195141, -0.972928, 0
0.254521, 0.445770, 1
-0.791234, -0.423686, 0
-0.545116, 0.079532, 1
0.718640, 0.327494, 1
0.485903, 0.484346, 0
-0.558235, 0.693909, 0
0.721432, -0.127786, 0
0.725452, 0.498115, 1
0.986865, 0.033102, 1
-0.177766, -0.459627, 0
-0.273091, -0.491934, 0
0.546635, 0.446882, 0
-0.326742, 0.573577, 1
0.778056, -0.419945, 1
-0.611043, -0.200118, 1
-0.440431, -0.599295, 1
-0.406698, 0.684460, 0
0.072102, 0.232769, 0
-0.365813, 0.741851, 0
-0.752028, 0.604525, 1
0.556506, -0.435304, 1
-0.484451, 0.176794, 1
-0.230659, -0.369335, 0
-0.976752, 0.119871, 0
0.658292, 0.731183, 1
0.558683, 0.481423, 0
0.255795, 0.025811, 0
-0.200873, 0.664102, 0
0.428067, -0.173088, 1
0.451787, 0.858457, 1
0.755896, 0.580853, 1
0.583659, -0.702150, 1
0.857927, 0.413920, 1
-0.347467, 0.081936, 0
0.411584, -0.030965, 1
0.668209, -0.600024, 1
-0.152214, 0.358857, 0
0.464600, 0.840868, 1
-0.534577, 0.539565, 0
0.620419, 0.439471, 0
-0.819888, -0.233515, 0
0.165818, 0.574563, 1
-0.395080, -0.692157, 1
0.065193, 0.080107, 0
-0.970083, -0.096317, 0
0.454339, -0.162030, 0
0.028149, -0.589677, 0
0.223630, 0.018504, 0
-0.654621, -0.636583, 0
0.549655, 0.229267, 0
0.515777, 0.733697, 1
-0.536956, 0.138649, 1
0.597924, 0.133958, 0
0.040808, 0.649334, 0
0.296787, 0.251621, 1
0.135161, -0.978171, 0
-0.414510, -0.531522, 1
-0.006392, -0.611089, 0
0.045644, -0.310621, 1
-0.076367, -0.883532, 0
-0.256345, -0.316456, 0
0.345540, 0.204296, 1
-0.081816, 0.638383, 0
0.126204, -0.060676, 0
-0.510089, 0.491136, 0
-0.303472, 0.882499, 1
-0.273842, 0.204286, 0
0.813807, -0.021017, 1
0.599301, 0.513240, 0
-0.632450, 0.386002, 0
-0.385516, 0.334813, 1
-0.622911, -0.715045, 0
-0.582169, 0.640987, 0
0.173017, 0.248472, 0
-0.556755, -0.462255, 1
0.231178, 0.694163, 0
0.317283, -0.669855, 1
-0.451359, -0.828276, 0
-0.484763, 0.315143, 1
-0.384436, 0.843325, 1
0.188332, -0.286125, 1
-0.023823, 0.246049, 0
0.201456, -0.499765, 0
-0.315169, 0.224784, 0
0.744970, -0.008074, 0
0.464155, 0.515659, 0
-0.242870, 0.545911, 1
0.559993, 0.642303, 1
0.859530, 0.284441, 1
0.044204, -0.109698, 0
0.867254, -0.482405, 0
0.190210, -0.378792, 0
-0.238022, 0.238457, 0
-0.310694, -0.877446, 0
-0.712133, -0.464649, 0
-0.604391, 0.604187, 0
-0.000255, 0.391162, 1
-0.014563, -0.768386, 1
-0.417208, 0.455397, 1
-0.450110, -0.834973, 0
-0.342962, 0.105079, 0
-0.656222, 0.201205, 1
0.656991, -0.143997, 0
0.475115, -0.766833, 1
0.494461, -0.348115, 0
0.493927, 0.713357, 1
-0.723376, -0.348194, 0
0.748220, -0.468878, 1
0.302779, 0.764422, 0
-0.543781, -0.823635, 0
-0.642143, 0.513441, 0
-0.381933, 0.231766, 0
-0.432548, 0.246319, 1
0.342667, -0.901843, 0
0.267820, -0.722657, 1
-0.276280, 0.881756, 1
0.222403, 0.060423, 0
0.090305, 0.902207, 1
0.086281, -0.883542, 0
-0.380119, 0.538611, 1
0.599876, -0.020723, 0
-0.057276, 0.402321, 1
0.657224, -0.042538, 0
0.176503, 0.553563, 1
-0.215406, -0.582344, 1
-0.797844, 0.025234, 0
-0.755307, -0.407434, 0
-0.717643, -0.280509, 1
-0.195807, 0.062587, 1
0.582471, 0.282458, 0
0.273122, 0.092362, 1
0.775075, 0.324215, 1
0.987235, -0.082193, 1
0.810433, 0.123648, 1
0.000448, 0.613104, 1
-0.846514, -0.374525, 0
-0.087951, -0.377490, 0
0.889320, -0.080308, 1
0.590928, -0.495308, 1
0.839094, 0.240555, 1
-0.024446, 0.010511, 1
0.645597, 0.663338, 1
0.725664, -0.344181, 1
0.082806, -0.771099, 1
0.640748, 0.498688, 1
-0.054411, -0.167292, 1
-0.363181, -0.709717, 1
-0.940043, -0.097703, 0
0.601618, -0.032507, 0
-0.912089, 0.141752, 0
0.169053, -0.436424, 0
-0.244024, -0.686623, 1
0.847458, -0.402201, 1
0.211551, -0.816078, 1
0.205695, -0.176829, 1
0.233000, 0.917492, 1
0.444012, 0.711543, 1
0.962794, 0.016815, 1
0.052352, 0.404772, 1
-0.101675, -0.094372, 1
0.181508, -0.194408, 1
0.567851, 0.713722, 1
0.429527, -0.615896, 1
0.043085, -0.228116, 1
0.960823, -0.115058, 1
-0.238506, -0.667662, 1
0.414904, -0.667293, 1
0.552698, -0.625418, 1
-0.249774, -0.811509, 1
-0.250709, -0.654868, 1
-0.001157, 0.951282, 1
0.258919, 0.274625, 1
0.004058, 0.460814, 1
0.175535, -0.206551, 1
0.453768, -0.071541, 1
0.330759, 0.388836, 1
0.307926, -0.082104, 1
-0.548698, 0.770003, 1
0.192263, 0.300511, 1
0.778203, 0.358953, 1
0.274508, -0.320371, 1
0.786744, -0.355627, 1
0.086701, 0.385965, 1
-0.596145, -0.012954, 1
0.327297, 0.234134, 1
-0.347326, -0.514973, 1
-0.715085, -0.042578, 1
0.428104, -0.572939, 1
0.155461, 0.434273, 1
0.745617, -0.458915, 1
0.000762, 0.587209, 1
0.094956, 0.912863, 1
0.562418, -0.471398, 1
-0.364476, 0.326148, 1
0.942951, -0.109791, 1
